Time	Temp	SampVolt	HallVolt	SampCurr	MagCurr	MagField
 0.00	 30.0	 5.93	 1.25	 9.22	0.00307	0.0374
0.100	 30.0	 5.93	 1.35	 9.21	0.00484	0.0375
0.200	 30.0	 5.93	 1.18	 9.25	0.00602	0.0371
0.300	 30.0	 5.93	 1.28	 9.22	0.00691	0.0372
0.400	 30.0	 5.93	 1.31	 9.22	0.00277	0.0375
0.500	 30.0	 5.93	 1.22	 9.22	0.00484	0.0371
0.600	 30.0	 5.93	 1.31	 9.24	0.00218	0.0374
0.700	 29.9	 5.93	 1.15	 9.25	0.00573	0.0372
0.800	 29.9	 5.93	 1.18	 9.18	0.00956	0.0374
0.900	 30.0	 5.93	 1.31	 9.24	0.00366	0.0375
 1.00	 30.0	 5.93	 1.18	 9.21	0.00720	0.0372
 1.10	 30.0	 5.93	 1.25	 9.26	0.00632	0.0372
 1.20	 30.0	 5.93	 1.25	 9.24	-0.00136	0.0371
 1.30	 29.9	 5.93	 1.28	 9.23	0.0110	0.0372
 1.40	 30.0	 5.93	 1.28	 9.22	0.00573	0.0372
 1.50	 30.0	 5.93	 1.25	 9.18	0.00809	0.0375
 1.60	 30.0	 5.93	 1.25	 9.20	0.00425	0.0374
 1.70	 29.9	 5.94	 1.35	 9.24	0.0122	0.0374
 1.80	 29.9	 5.93	 1.25	 9.23	0.00897	0.0374
 1.90	 30.0	 5.94	 1.25	 9.25	0.00602	0.0371
 2.00	 30.0	 5.94	 1.18	 9.22	0.00602	0.0375
 2.10	 30.0	 5.94	 1.28	 9.16	0.00573	0.0372
 2.20	 29.9	 5.94	 1.22	 9.23	0.00395	0.0372
 2.30	 30.0	 5.94	 1.31	 9.25	0.00425	0.0374
 2.40	 29.9	 5.94	 1.25	 9.21	0.00514	0.0374
 2.50	 29.9	 5.94	 1.22	 9.21	0.00395	0.0375
 2.60	 29.9	 5.94	 1.22	 9.31	0.00956	0.0375
 2.70	 30.0	 5.94	 1.15	 9.22	0.00130	0.0372
 2.80	 30.0	 5.94	 1.25	 9.25	0.00691	0.0372
 2.90	 30.0	 5.94	 1.25	 9.19	0.00307	0.0374
 3.00	 29.9	 5.94	 1.18	 9.22	0.00632	0.0371
 3.10	 30.0	 5.94	 1.22	 9.20	0.00395	0.0375
 3.20	 29.9	 5.94	 1.18	 9.20	0.00897	0.0375
 3.30	 30.0	 5.94	 1.22	 9.17	0.00425	0.0372
 3.40	 30.0	 5.94	 1.28	 9.27	0.00484	0.0372
 3.50	 29.8	 5.94	 1.25	 9.24	0.0113	0.0372
 3.60	 30.0	 5.94	 1.28	 9.25	0.00868	0.0372
 3.70	 29.9	 5.94	 1.18	 9.22	0.0102	0.0372
 3.80	 29.9	 5.94	 1.15	 9.24	0.0105	0.0375
 3.90	 29.9	 5.94	 1.28	 9.19	0.00661	0.0371
 4.00	 29.8	 5.94	 1.12	 9.21	0.000411	0.0372
 4.10	 29.9	 5.94	 1.18	 9.21	0.00838	0.0374
 4.20	 29.9	 5.94	 1.25	 9.22	0.00543	0.0372
 4.30	 29.9	 5.94	 1.15	 9.24	0.00927	0.0371
 4.40	 29.9	 5.94	 1.18	 9.21	0.00514	0.0374
 4.50	 29.9	 5.94	 1.15	 9.24	0.00484	0.0371
 4.60	 29.9	 5.94	 1.35	 9.24	0.00248	0.0374
 4.70	 29.9	 5.94	 1.18	 9.19	0.00691	0.0372
 4.80	 29.9	 5.94	 1.25	 9.22	0.00602	0.0372
 4.90	 29.9	 5.95	 1.28	 9.26	0.00838	0.0374
 5.00	 30.0	 5.94	 1.18	 9.21	0.00661	0.0375
 5.10	 29.9	 5.95	 1.28	 9.20	0.00838	0.0372
 5.20	 29.9	 5.95	 1.31	 9.26	0.00868	0.0372
 5.30	 29.9	 5.95	 1.35	 9.23	0.00336	0.0372
 5.40	 29.9	 5.95	 1.31	 9.18	0.00573	0.0374
 5.50	 29.9	 5.95	 1.15	 9.24	0.00425	0.0375
 5.60	 29.9	 5.95	 1.25	 9.23	0.00484	0.0372
 5.70	 29.9	 5.95	 1.22	 9.27	0.0110	0.0374
 5.80	 29.9	 5.95	 1.22	 9.19	0.00395	0.0375
 5.90	 29.9	 5.95	 1.18	 9.23	0.00779	0.0372
 6.00	 29.9	 5.95	 1.22	 9.24	0.00986	0.0372
 6.10	 29.9	 5.95	 1.15	 9.21	0.00248	0.0372
 6.20	 29.9	 5.95	 1.22	 9.27	0.000706	0.0372
 6.30	 29.9	 5.95	 1.25	 9.24	0.00779	0.0372
 6.40	 29.8	 5.95	 1.35	 9.25	0.0125	0.0372
 6.50	 29.9	 5.95	 1.25	 9.24	0.0102	0.0374
 6.60	 29.9	 5.95	 1.22	 9.23	0.00927	0.0374
 6.70	 30.0	 5.95	 1.18	 9.31	0.00809	0.0372
 6.80	 29.9	 5.95	 1.35	 9.24	0.00897	0.0372
 6.90	 29.9	 5.95	 1.22	 9.21	0.00336	0.0375
 7.00	 29.9	 5.95	 1.31	 9.18	0.00454	0.0372
 7.10	 29.9	 5.95	 1.25	 9.23	0.00454	0.0372
 7.20	 29.9	 5.95	 1.22	 9.21	0.00750	0.0371
 7.30	 29.9	 5.95	 1.28	 9.20	0.00159	0.0374
 7.40	 29.9	 5.95	 1.18	 9.19	0.00691	0.0371
 7.50	 29.9	 5.95	 1.28	 9.24	0.00897	0.0372
 7.60	 29.9	 5.95	 1.22	 9.22	0.00543	0.0374
 7.70	 29.9	 5.95	 1.31	 9.25	0.00100	0.0374
 7.80	 29.8	 5.95	 1.22	 9.22	0.00514	0.0372
 7.90	 29.9	 5.95	 1.25	 9.18	0.00661	0.0371
 8.00	 29.9	 5.95	 1.22	 9.22	0.00307	0.0374
 8.10	 29.8	 5.95	 1.28	 9.20	0.00336	0.0372
 8.20	 29.9	 5.96	 1.18	 9.24	-0.000180	0.0372
 8.30	 29.9	 5.95	 1.22	 9.22	0.00573	0.0372
 8.40	 29.9	 5.95	 1.22	 9.23	0.00484	0.0371
 8.50	 29.9	 5.96	 1.31	 9.22	0.00573	0.0374
 8.60	 29.9	 5.96	 1.22	 9.22	0.00484	0.0374
 8.70	 29.8	 5.96	 1.15	 9.23	0.00956	0.0375
 8.80	 29.8	 5.96	 1.22	 9.16	0.00779	0.0369
 8.90	 29.9	 5.96	 1.18	 9.26	0.00514	0.0372
 9.00	 29.9	 5.96	 1.12	 9.25	-0.00166	0.0372
 9.10	 29.8	 5.96	 1.18	 9.20	0.00484	0.0372
 9.20	 29.9	 5.96	 1.31	 9.20	0.00277	0.0374
 9.30	 29.8	 5.96	 1.28	 9.26	0.0143	0.0375
 9.40	 29.9	 5.96	 1.35	 9.15	0.00720	0.0374
 9.50	 29.8	 5.96	 1.28	 9.22	0.00632	0.0372
 9.60	 29.9	 5.96	 1.18	 9.22	-0.00284	0.0371
 9.70	 29.8	 5.96	 1.25	 9.17	0.00425	0.0371
 9.80	 29.9	 5.96	 1.25	 9.22	0.00425	0.0374
 9.90	 29.9	 5.96	 1.28	 9.27	0.00927	0.0374
 10.0	 29.8	 5.96	 1.28	 9.23	0.00277	0.0371
 10.1	 29.9	 5.96	 1.31	 9.25	0.00366	0.0374
 10.2	 29.8	 5.96	 1.12	 9.25	0.00425	0.0372
 10.3	 29.8	 5.96	 1.22	 9.19	0.00573	0.0374
 10.4	 29.8	 5.96	 1.22	 9.21	0.00130	0.0374
 10.5	 29.9	 5.96	 1.31	 9.18	0.00779	0.0374
 10.6	 29.9	 5.96	 1.22	 9.23	0.00897	0.0372
 10.7	 29.8	 5.96	 1.25	 9.24	0.00277	0.0371
 10.8	 29.8	 5.96	 1.22	 9.20	0.00573	0.0372
 10.9	 29.8	 5.96	 1.18	 9.20	0.00336	0.0372
 11.0	 29.8	 5.96	 1.25	 9.19	0.00336	0.0374
 11.1	 29.8	 5.96	 1.22	 9.18	0.00809	0.0375
 11.2	 29.8	 5.96	 1.12	 9.23	0.00779	0.0371
 11.3	 29.8	 5.96	 1.18	 9.19	0.00307	0.0374
 11.4	 29.9	 5.96	 1.15	 9.24	0.00130	0.0371
 11.5	 29.8	 5.96	 1.25	 9.22	0.00750	0.0372
 11.6	 29.9	 5.96	 1.25	 9.23	0.00602	0.0372
 11.7	 29.9	 5.96	 1.22	 9.22	0.00395	0.0374
 11.8	 29.8	 5.97	 1.28	 9.26	0.00573	0.0371
 11.9	 29.7	 5.97	 1.31	 9.18	0.00543	0.0371
 12.0	 29.9	 5.97	 1.28	 9.20	0.00454	0.0375
 12.1	 29.8	 5.96	 1.15	 9.18	0.00602	0.0374
 12.2	 29.8	 5.97	 1.31	 9.18	0.00632	0.0374
 12.3	 29.8	 5.97	 1.28	 9.25	0.000706	0.0371
 12.4	 29.9	 5.97	 1.31	 9.18	0.00395	0.0372
 12.5	 29.8	 5.97	 1.28	 9.21	0.00661	0.0375
 12.6	 29.8	 5.97	 1.22	 9.20	0.00307	0.0372
 12.7	 29.8	 5.97	 1.38	 9.25	0.00395	0.0374
 12.8	 29.8	 5.97	 1.25	 9.27	0.00484	0.0374
 12.9	 29.8	 5.97	 1.15	 9.21	0.00366	0.0374
 13.0	 29.8	 5.97	 1.25	 9.21	0.00543	0.0375
 13.1	 29.8	 5.97	 1.28	 9.24	0.00750	0.0374
 13.2	 29.8	 5.97	 1.25	 9.22	0.00484	0.0371
 13.3	 29.8	 5.97	 1.15	 9.22	0.00720	0.0371
 13.4	 29.8	 5.97	 1.22	 9.25	0.0102	0.0374
 13.5	 29.9	 5.97	 1.28	 9.24	0.00779	0.0371
 13.6	 29.8	 5.97	 1.25	 9.24	0.00573	0.0372
 13.7	 29.8	 5.97	 1.28	 9.21	0.00661	0.0375
 13.8	 29.8	 5.97	 1.22	 9.18	0.00986	0.0375
 13.9	 29.8	 5.97	 1.35	 9.25	0.00218	0.0374
 14.0	 29.7	 5.97	 1.18	 9.26	0.00956	0.0372
 14.1	 29.8	 5.97	 1.18	 9.25	0.00632	0.0375
 14.2	 29.8	 5.97	 1.15	 9.19	0.00632	0.0372
 14.3	 29.9	 5.97	 1.25	 9.24	0.0105	0.0372
 14.4	 29.8	 5.97	 1.25	 9.26	0.00425	0.0372
 14.5	 29.8	 5.97	 1.38	 9.20	0.00395	0.0372
 14.6	 29.8	 5.97	 1.25	 9.20	0.00927	0.0372
 14.7	 29.8	 5.97	 1.35	 9.26	0.00838	0.0372
 14.8	 29.8	 5.97	 1.15	 9.24	0.00395	0.0374
 14.9	 29.8	 5.97	 1.25	 9.18	0.00897	0.0374
 15.0	 29.8	 5.97	 1.28	 9.22	0.00779	0.0374
 15.1	 29.8	 5.97	 1.25	 9.20	0.00543	0.0374
 15.2	 29.8	 5.97	 1.22	 9.21	0.00307	0.0375
 15.3	 29.8	 5.97	 1.15	 9.23	0.00868	0.0374
 15.4	 29.8	 5.97	 1.28	 9.23	0.00838	0.0374
 15.5	 29.8	 5.97	 1.25	 9.23	0.0105	0.0374
 15.6	 29.8	 5.97	 1.31	 9.21	0.00838	0.0372
 15.7	 29.8	 5.98	 1.28	 9.24	0.00720	0.0372
 15.8	 29.7	 5.97	 1.25	 9.23	0.0102	0.0390
 15.9	 29.7	 5.97	 1.18	 9.23	0.0164	0.0396
 16.0	 29.8	 5.98	 1.22	 9.21	0.0164	0.0408
 16.1	 29.8	 5.98	 1.28	 9.20	0.0184	0.0421
 16.2	 29.7	 5.98	 1.22	 9.23	0.0199	0.0434
 16.3	 29.8	 5.98	 1.28	 9.19	0.0220	0.0444
 16.4	 29.8	 5.98	 1.28	 9.23	0.0299	0.0460
 16.5	 29.8	 5.98	 1.15	 9.18	0.0397	0.0487
 16.6	 29.8	 5.98	 1.25	 9.20	0.0450	0.0517
 16.7	 29.8	 5.98	 1.18	 9.26	0.0512	0.0534
 16.8	 29.7	 5.98	 1.15	 9.24	0.0471	0.0538
 16.9	 29.8	 5.98	 1.25	 9.21	0.0482	0.0536
 17.0	 29.8	 5.98	 1.28	 9.25	0.0429	0.0536
 17.1	 29.7	 5.98	 1.35	 9.21	0.0480	0.0536
 17.2	 29.7	 5.98	 1.31	 9.21	0.0491	0.0539
 17.3	 29.8	 5.98	 1.22	 9.25	0.0482	0.0547
 17.4	 29.8	 5.98	 1.28	 9.23	0.0633	0.0588
 17.5	 29.8	 5.98	 1.18	 9.17	0.0686	0.0624
 17.6	 29.8	 5.98	 1.22	 9.23	0.0798	0.0650
 17.7	 29.7	 5.98	 1.35	 9.24	0.0837	0.0687
 17.8	 29.7	 5.98	 1.28	 9.17	0.0890	0.0713
 17.9	 29.8	 5.98	 1.31	 9.23	0.0999	0.0742
 18.0	 29.8	 5.98	 1.15	 9.23	0.0981	0.0760
 18.1	 29.7	 5.98	 1.31	 9.20	0.108	0.0773
 18.2	 29.7	 5.98	 1.28	 9.19	0.104	0.0787
 18.3	 29.7	 5.98	 1.28	 9.23	0.109	0.0804
 18.4	 29.7	 5.98	 1.22	 9.21	0.113	0.0815
 18.5	 29.8	 5.98	 1.31	 9.20	0.110	0.0825
 18.6	 29.8	 5.98	 1.28	 9.21	0.118	0.0849
 18.7	 29.8	 5.98	 1.35	 9.20	0.121	0.0865
 18.8	 29.7	 5.98	 1.35	 9.19	0.130	0.0893
 18.9	 29.8	 5.98	 1.22	 9.21	0.136	0.0930
 19.0	 29.7	 5.98	 1.31	 9.24	0.142	0.0963
 19.1	 29.7	 5.98	 1.18	 9.21	0.152	0.0990
 19.2	 29.8	 5.99	 1.18	 9.23	0.165	0.104
 19.3	 29.7	 5.98	 1.25	 9.23	0.180	0.112
 19.4	 29.8	 5.99	 1.22	 9.20	0.191	0.117
 19.5	 29.8	 5.99	 1.22	 9.21	0.196	0.120
 19.6	 29.8	 5.99	 1.18	 9.19	0.197	0.122
 19.7	 29.8	 5.99	 1.18	 9.25	0.201	0.125
 19.8	 29.8	 5.99	 1.15	 9.19	0.211	0.126
 19.9	 29.7	 5.99	 1.22	 9.24	0.209	0.128
 20.0	 29.7	 5.99	 1.31	 9.25	0.217	0.130
 20.1	 29.7	 5.99	 1.22	 9.21	0.221	0.133
 20.2	 29.7	 5.99	 1.28	 9.24	0.231	0.135
 20.3	 29.7	 5.99	 1.25	 9.19	0.231	0.137
 20.4	 29.8	 5.99	 1.25	 9.22	0.243	0.140
 20.5	 29.7	 5.99	 1.18	 9.22	0.247	0.144
 20.6	 29.7	 5.99	 1.22	 9.23	0.257	0.148
 20.7	 29.7	 5.99	 1.28	 9.25	0.261	0.151
 20.8	 29.7	 5.99	 1.28	 9.26	0.271	0.157
 20.9	 29.7	 5.99	 1.31	 9.22	0.289	0.167
 21.0	 29.7	 5.99	 1.15	 9.24	0.323	0.181
 21.1	 29.8	 5.99	 1.12	 9.20	0.352	0.197
 21.2	 29.7	 5.99	 1.18	 9.26	0.376	0.209
 21.3	 29.7	 5.99	 1.15	 9.23	0.401	0.222
 21.4	 29.7	 5.99	 1.31	 9.21	0.428	0.236
 21.5	 29.8	 6.00	 1.31	 9.22	0.458	0.247
 21.6	 29.7	 6.00	 1.15	 9.17	0.481	0.262
 21.7	 29.7	 6.00	 1.28	 9.20	0.502	0.273
 21.8	 29.8	 6.00	 1.15	 9.17	0.518	0.283
 21.9	 29.7	 6.00	 1.22	 9.23	0.543	0.293
 22.0	 29.7	 6.00	 1.31	 9.23	0.561	0.302
 22.1	 29.7	 6.00	 1.25	 9.22	0.566	0.309
 22.2	 29.7	 6.00	 1.22	 9.23	0.581	0.315
 22.3	 29.7	 6.00	 1.18	 9.25	0.595	0.320
 22.4	 29.8	 6.00	 1.28	 9.25	0.602	0.327
 22.5	 29.6	 6.00	 1.18	 9.24	0.608	0.331
 22.6	 29.7	 6.00	 1.22	 9.30	0.614	0.334
 22.7	 29.7	 6.00	 1.28	 9.24	0.624	0.337
 22.8	 29.7	 6.00	 1.31	 9.22	0.631	0.342
 22.9	 29.7	 6.01	 1.25	 9.23	0.651	0.354
 23.0	 29.7	 6.01	 1.31	 9.19	0.683	0.369
 23.1	 29.7	 6.01	 1.28	 9.20	0.701	0.378
 23.2	 29.6	 6.01	 1.15	 9.17	0.704	0.380
 23.3	 29.7	 6.01	 1.18	 9.24	0.707	0.381
 23.4	 29.7	 6.01	 1.35	 9.21	0.711	0.385
 23.5	 29.7	 6.01	 1.28	 9.23	0.757	0.409
 23.6	 29.7	 6.01	 1.31	 9.21	0.817	0.438
 23.7	 29.7	 6.02	 1.31	 9.25	0.847	0.456
 23.8	 29.7	 6.02	 1.15	 9.22	0.871	0.468
 23.9	 29.7	 6.02	 1.18	 9.21	0.891	0.480
 24.0	 29.7	 6.02	 1.15	 9.20	0.913	0.494
 24.1	 29.6	 6.02	 1.28	 9.19	0.952	0.511
 24.2	 29.7	 6.03	 1.18	 9.21	0.988	0.531
 24.3	 29.7	 6.03	 1.18	 9.24	 1.02	0.550
 24.4	 29.7	 6.03	 1.28	 9.21	 1.05	0.566
 24.5	 29.7	 6.03	 1.18	 9.17	 1.08	0.581
 24.6	 29.7	 6.04	 1.31	 9.21	 1.10	0.592
 24.7	 29.7	 6.04	 1.18	 9.18	 1.13	0.605
 24.8	 29.8	 6.04	 1.25	 9.19	 1.16	0.620
 24.9	 29.7	 6.04	 1.18	 9.25	 1.18	0.634
 25.0	 29.7	 6.04	 1.28	 9.25	 1.22	0.653
 25.1	 29.6	 6.05	 1.25	 9.23	 1.25	0.671
 25.2	 29.7	 6.05	 1.22	 9.22	 1.29	0.691
 25.3	 29.7	 6.05	 1.28	 9.24	 1.33	0.712
 25.4	 29.7	 6.06	 1.35	 9.23	 1.37	0.734
 25.5	 29.7	 6.06	 1.18	 9.26	 1.41	0.755
 25.6	 29.6	 6.06	 1.18	 9.21	 1.46	0.778
 25.7	 29.7	 6.06	 1.28	 9.26	 1.50	0.797
 25.8	 29.7	 6.07	 1.25	 9.23	 1.53	0.815
 25.9	 29.7	 6.07	 1.22	 9.23	 1.56	0.832
 26.0	 29.7	 6.07	 1.22	 9.21	 1.60	0.849
 26.1	 29.7	 6.08	 1.18	 9.21	 1.63	0.865
 26.2	 29.6	 6.08	 1.22	 9.24	 1.66	0.884
 26.3	 29.7	 6.09	 1.18	 9.22	 1.70	0.903
 26.4	 29.6	 6.09	 1.28	 9.16	 1.75	0.921
 26.5	 29.7	 6.09	 1.25	 9.23	 1.78	0.941
 26.6	 29.7	 6.10	 1.31	 9.26	 1.83	0.962
 26.7	 29.7	 6.10	 1.28	 9.18	 1.86	0.980
 26.8	 29.6	 6.10	 1.28	 9.25	 1.89	0.995
 26.9	 29.6	 6.11	 1.22	 9.26	 1.93	 1.01
 27.0	 29.7	 6.11	 1.25	 9.22	 1.97	 1.03
 27.1	 29.7	 6.11	 1.35	 9.24	 2.01	 1.05
 27.2	 29.6	 6.12	 1.38	 9.21	 2.04	 1.07
 27.3	 29.7	 6.12	 1.31	 9.23	 2.08	 1.09
 27.4	 29.7	 6.12	 1.15	 9.25	 2.12	 1.10
 27.5	 29.7	 6.13	 1.15	 9.23	 2.15	 1.12
 27.6	 29.7	 6.13	 1.22	 9.22	 2.19	 1.13
 27.7	 29.7	 6.13	 1.25	 9.24	 2.22	 1.15
 27.8	 29.7	 6.14	 1.18	 9.23	 2.24	 1.16
 27.9	 29.7	 6.14	 1.25	 9.19	 2.27	 1.17
 28.0	 29.7	 6.14	 1.28	 9.24	 2.27	 1.18
 28.1	 29.7	 6.14	 1.28	 9.23	 2.28	 1.18
 28.2	 29.7	 6.14	 1.22	 9.22	 2.29	 1.18
 28.3	 29.7	 6.14	 1.31	 9.21	 2.29	 1.18
 28.4	 29.6	 6.15	 1.22	 9.19	 2.33	 1.20
 28.5	 29.7	 6.15	 1.25	 9.22	 2.38	 1.22
 28.6	 29.6	 6.15	 1.31	 9.23	 2.40	 1.23
 28.7	 29.7	 6.16	 1.18	 9.28	 2.42	 1.24
 28.8	 29.7	 6.16	 1.28	 9.27	 2.45	 1.25
 28.9	 29.7	 6.16	 1.31	 9.22	 2.48	 1.27
 29.0	 29.6	 6.17	 1.25	 9.23	 2.52	 1.28
 29.1	 29.7	 6.17	 1.15	 9.19	 2.54	 1.29
 29.2	 29.6	 6.17	 1.22	 9.18	 2.55	 1.30
 29.3	 29.6	 6.17	 1.25	 9.19	 2.56	 1.30
 29.4	 29.6	 6.17	 1.31	 9.21	 2.57	 1.31
 29.5	 29.6	 6.17	 1.18	 9.19	 2.59	 1.31
 29.6	 29.6	 6.17	 1.28	 9.19	 2.59	 1.31
 29.7	 29.7	 6.17	 1.28	 9.21	 2.59	 1.32
 29.8	 29.6	 6.18	 1.15	 9.21	 2.62	 1.32
 29.9	 29.7	 6.18	 1.12	 9.22	 2.66	 1.34
 30.0	 29.6	 6.19	 1.35	 9.17	 2.70	 1.36
 30.1	 29.5	 6.19	 1.22	 9.16	 2.74	 1.37
 30.2	 29.6	 6.19	 1.18	 9.22	 2.76	 1.38
 30.3	 29.6	 6.19	 1.25	 9.14	 2.77	 1.39
 30.4	 29.6	 6.19	 1.28	 9.19	 2.78	 1.39
 30.5	 29.6	 6.19	 1.35	 9.21	 2.79	 1.39
 30.6	 29.6	 6.19	 1.15	 9.19	 2.78	 1.39
 30.7	 29.7	 6.19	 1.28	 9.23	 2.78	 1.39
 30.8	 29.7	 6.20	 1.18	 9.26	 2.79	 1.39
 30.9	 29.6	 6.19	 1.09	 9.22	 2.79	 1.39
 31.0	 29.6	 6.20	 1.18	 9.22	 2.80	 1.40
 31.1	 29.7	 6.20	 1.22	 9.22	 2.81	 1.40
 31.2	 29.7	 6.20	 1.18	 9.21	 2.83	 1.41
 31.3	 29.6	 6.20	 1.22	 9.25	 2.84	 1.42
 31.4	 29.7	 6.20	 1.31	 9.19	 2.86	 1.42
 31.5	 29.6	 6.20	 1.22	 9.19	 2.87	 1.42
 31.6	 29.6	 6.20	 1.25	 9.22	 2.88	 1.43
 31.7	 29.7	 6.20	 1.28	 9.16	 2.88	 1.43
 31.8	 29.6	 6.21	 1.18	 9.17	 2.89	 1.43
 31.9	 29.6	 6.21	 1.15	 9.19	 2.90	 1.44
 32.0	 29.6	 6.21	 1.15	 9.22	 2.91	 1.44
 32.1	 29.6	 6.21	 1.22	 9.19	 2.92	 1.44
 32.2	 29.6	 6.21	 1.22	 9.22	 2.92	 1.45
 32.3	 29.6	 6.21	 1.25	 9.22	 2.93	 1.45
 32.4	 29.6	 6.21	 1.25	 9.19	 2.94	 1.45
 32.5	 29.6	 6.21	 1.22	 9.21	 2.94	 1.45
 32.6	 29.6	 6.21	 1.28	 9.15	 2.96	 1.46
 32.7	 29.6	 6.21	 1.31	 9.18	 2.96	 1.46
 32.8	 29.6	 6.21	 1.31	 9.22	 2.98	 1.46
 32.9	 29.6	 6.21	 1.18	 9.19	 2.98	 1.46
 33.0	 29.6	 6.22	 1.31	 9.25	 2.98	 1.47
 33.1	 29.5	 6.22	 1.22	 9.21	 2.99	 1.47
 33.2	 29.5	 6.22	 1.25	 9.18	 2.99	 1.47
 33.3	 29.6	 6.22	 1.31	 9.23	 3.00	 1.47
 33.4	 29.6	 6.22	 1.22	 9.23	 2.99	 1.47
 33.5	 29.6	 6.22	 1.31	 9.20	 2.99	 1.47
 33.6	 29.6	 6.22	 1.25	 9.21	 2.99	 1.47
 33.7	 29.6	 6.22	 1.15	 9.20	 2.99	 1.47
 33.8	 29.6	 6.22	 1.22	 9.19	 2.99	 1.47
 33.9	 29.6	 6.22	 1.22	 9.20	 3.00	 1.47
 34.0	 29.5	 6.22	 1.25	 9.22	 2.99	 1.47
 34.1	 29.6	 6.22	 1.15	 9.24	 2.99	 1.47
 34.2	 29.6	 6.22	 1.22	 9.23	 3.00	 1.47
 34.3	 29.6	 6.22	 1.31	 9.27	 3.00	 1.47
 34.4	 29.6	 6.22	 1.18	 9.23	 2.99	 1.47
 34.5	 29.6	 6.22	 1.25	 9.25	 3.00	 1.47
 34.6	 29.6	 6.22	 1.35	 9.22	 2.99	 1.47
 34.7	 29.6	 6.22	 1.31	 9.23	 2.99	 1.47
 34.8	 29.6	 6.22	 1.22	 9.21	 3.00	 1.47
 34.9	 29.6	 6.22	 1.31	 9.24	 3.00	 1.47
 35.0	 29.7	 6.22	 1.15	 9.19	 3.00	 1.47
 35.1	 29.6	 6.22	 1.22	 9.23	 2.99	 1.47
 35.2	 29.6	 6.22	 1.12	 9.24	 2.99	 1.47
 35.3	 29.5	 6.22	 1.18	 9.27	 2.99	 1.47
 35.4	 29.6	 6.22	 1.18	 9.23	 3.00	 1.47
 35.5	 29.6	 6.22	 1.31	 9.16	 2.99	 1.47
 35.6	 29.6	 6.22	 1.12	 9.19	 2.99	 1.47
 35.7	 29.6	 6.22	 1.25	 9.23	 2.99	 1.47
 35.8	 29.6	 6.22	 1.25	 9.22	 3.00	 1.47
 35.9	 29.6	 6.22	 1.25	 9.21	 3.00	 1.47
 36.0	 29.6	 6.22	 1.25	 9.20	 3.00	 1.47
 36.1	 29.6	 6.22	 1.18	 9.24	 2.99	 1.47
 36.2	 29.5	 6.22	 1.18	 9.24	 2.99	 1.47
 36.3	 29.6	 6.22	 1.25	 9.25	 3.00	 1.47
 36.4	 29.5	 6.22	 1.28	 9.22	 2.99	 1.47
 36.5	 29.6	 6.22	 1.25	 9.26	 2.99	 1.47
 36.6	 29.6	 6.22	 1.22	 9.22	 2.99	 1.47
 36.7	 29.6	 6.22	 1.18	 9.21	 3.00	 1.47
 36.8	 29.5	 6.22	 1.28	 9.24	 3.00	 1.47
 36.9	 29.6	 6.22	 1.31	 9.22	 2.99	 1.47
 37.0	 29.6	 6.22	 1.25	 9.26	 3.00	 1.47
 37.1	 29.6	 6.22	 1.22	 9.23	 2.99	 1.47
 37.2	 29.7	 6.22	 1.22	 9.24	 3.00	 1.47
 37.3	 29.6	 6.22	 1.15	 9.23	 3.00	 1.47
 37.4	 29.6	 6.22	 1.18	 9.22	 2.99	 1.47
 37.5	 29.6	 6.22	 1.28	 9.22	 3.00	 1.47
 37.6	 29.5	 6.22	 1.25	 9.21	 3.00	 1.47
 37.7	 29.6	 6.22	 1.28	 9.13	 2.99	 1.47
 37.8	 29.6	 6.22	 1.28	 9.22	 2.99	 1.47
 37.9	 29.6	 6.22	 1.15	 9.21	 3.00	 1.47
 38.0	 29.7	 6.23	 1.22	 9.21	 3.00	 1.47
 38.1	 29.6	 6.23	 1.38	 9.26	 3.00	 1.47
 38.2	 29.6	 6.23	 1.35	 9.23	 3.00	 1.47
 38.3	 29.6	 6.23	 1.22	 9.25	 3.00	 1.47
 38.4	 29.5	 6.22	 1.18	 9.19	 3.00	 1.47
 38.5	 29.7	 6.23	 1.25	 9.21	 2.99	 1.47
 38.6	 29.6	 6.23	 1.31	 9.17	 3.00	 1.47
 38.7	 29.6	 6.23	 1.28	 9.25	 3.00	 1.47
 38.8	 29.6	 6.23	 1.15	 9.23	 3.00	 1.47
 38.9	 29.5	 6.23	 1.18	 9.24	 3.00	 1.47
 39.0	 29.6	 6.23	 1.31	 9.21	 3.00	 1.47
 39.1	 29.6	 6.23	 1.25	 9.21	 3.00	 1.47
 39.2	 29.5	 6.23	 1.31	 9.24	 3.00	 1.47
 39.3	 29.5	 6.23	 1.15	 9.22	 3.00	 1.47
 39.4	 29.6	 6.23	 1.28	 9.21	 3.00	 1.47
 39.5	 29.6	 6.23	 1.25	 9.23	 3.00	 1.47
 39.6	 29.5	 6.23	 1.18	 9.21	 3.00	 1.47
 39.7	 29.5	 6.23	 1.18	 9.21	 3.00	 1.47
 39.8	 29.6	 6.23	 1.25	 9.22	 3.00	 1.47
 39.9	 29.5	 6.23	 1.31	 9.21	 3.00	 1.47
 40.0	 29.6	 6.23	 1.28	 9.22	 3.00	 1.47
 40.1	 29.6	 6.23	 1.25	 9.15	 3.00	 1.47
 40.2	 29.6	 6.23	 1.15	 9.22	 3.00	 1.47
 40.3	 29.6	 6.23	 1.22	 9.19	 3.00	 1.47
 40.4	 29.6	 6.23	 1.25	 9.24	 2.99	 1.47
 40.5	 29.6	 6.23	 1.25	 9.13	 2.99	 1.47
 40.6	 29.6	 6.23	 1.18	 9.20	 2.99	 1.47
 40.7	 29.5	 6.23	 1.18	 9.19	 2.99	 1.47
 40.8	 29.6	 6.23	 1.22	 9.19	 2.99	 1.47
 40.9	 29.6	 6.23	 1.22	 9.28	 2.98	 1.47
 41.0	 29.6	 6.23	 1.31	 9.22	 2.98	 1.47
 41.1	 29.5	 6.23	 1.18	 9.24	 2.97	 1.47
 41.2	 29.5	 6.23	 1.22	 9.20	 2.97	 1.46
 41.3	 29.6	 6.23	 1.18	 9.23	 2.97	 1.46
 41.4	 29.6	 6.23	 1.25	 9.19	 2.97	 1.46
 41.5	 29.6	 6.23	 1.35	 9.21	 2.96	 1.46
 41.6	 29.6	 6.23	 1.22	 9.21	 2.96	 1.46
 41.7	 29.6	 6.23	 1.15	 9.21	 2.96	 1.46
 41.8	 29.5	 6.23	 1.18	 9.14	 2.95	 1.46
 41.9	 29.6	 6.23	 1.25	 9.24	 2.95	 1.46
 42.0	 29.5	 6.23	 1.12	 9.24	 2.94	 1.46
 42.1	 29.5	 6.23	 1.31	 9.25	 2.95	 1.46
 42.2	 29.6	 6.23	 1.31	 9.24	 2.94	 1.46
 42.3	 29.5	 6.23	 1.25	 9.25	 2.94	 1.46
 42.4	 29.6	 6.23	 1.28	 9.22	 2.94	 1.45
 42.5	 29.6	 6.23	 1.28	 9.23	 2.93	 1.45
 42.6	 29.5	 6.23	 1.31	 9.17	 2.93	 1.45
 42.7	 29.6	 6.23	 1.31	 9.24	 2.92	 1.45
 42.8	 29.5	 6.23	 1.15	 9.23	 2.92	 1.45
 42.9	 29.6	 6.23	 1.15	 9.21	 2.92	 1.45
 43.0	 29.6	 6.23	 1.15	 9.20	 2.93	 1.45
 43.1	 29.6	 6.23	 1.25	 9.28	 2.92	 1.45
 43.2	 29.5	 6.23	 1.31	 9.15	 2.91	 1.45
 43.3	 29.5	 6.23	 1.31	 9.24	 2.91	 1.45
 43.4	 29.5	 6.23	 1.18	 9.19	 2.90	 1.45
 43.5	 29.5	 6.23	 1.15	 9.22	 2.90	 1.45
 43.6	 29.6	 6.23	 1.31	 9.21	 2.90	 1.44
 43.7	 29.4	 6.23	 1.28	 9.23	 2.89	 1.44
 43.8	 29.6	 6.23	 1.35	 9.20	 2.88	 1.44
 43.9	 29.5	 6.23	 1.31	 9.22	 2.87	 1.44
 44.0	 29.5	 6.23	 1.28	 9.19	 2.88	 1.44
 44.1	 29.5	 6.23	 1.28	 9.27	 2.87	 1.44
 44.2	 29.5	 6.23	 1.18	 9.20	 2.87	 1.43
 44.3	 29.5	 6.23	 1.28	 9.22	 2.86	 1.44
 44.4	 29.6	 6.23	 1.18	 9.23	 2.86	 1.43
 44.5	 29.5	 6.23	 1.25	 9.20	 2.85	 1.43
 44.6	 29.5	 6.23	 1.31	 9.19	 2.85	 1.43
 44.7	 29.5	 6.23	 1.25	 9.19	 2.85	 1.43
 44.8	 29.5	 6.23	 1.28	 9.23	 2.85	 1.43
 44.9	 29.5	 6.23	 1.31	 9.18	 2.84	 1.43
 45.0	 29.5	 6.23	 1.35	 9.19	 2.84	 1.43
 45.1	 29.5	 6.23	 1.18	 9.23	 2.83	 1.43
 45.2	 29.5	 6.23	 1.12	 9.26	 2.83	 1.43
 45.3	 29.5	 6.23	 1.25	 9.17	 2.82	 1.42
 45.4	 29.5	 6.23	 1.22	 9.20	 2.81	 1.42
 45.5	 29.6	 6.23	 1.25	 9.23	 2.82	 1.42
 45.6	 29.5	 6.23	 1.15	 9.22	 2.80	 1.42
 45.7	 29.5	 6.23	 1.18	 9.18	 2.80	 1.42
 45.8	 29.5	 6.23	 1.12	 9.24	 2.80	 1.42
 45.9	 29.6	 6.23	 1.18	 9.26	 2.79	 1.42
 46.0	 29.5	 6.23	 1.25	 9.23	 2.79	 1.41
 46.1	 29.5	 6.23	 1.28	 9.18	 2.78	 1.41
 46.2	 29.5	 6.23	 1.18	 9.24	 2.78	 1.41
 46.3	 29.6	 6.23	 1.25	 9.25	 2.78	 1.41
 46.4	 29.5	 6.22	 1.18	 9.22	 2.76	 1.41
 46.5	 29.5	 6.22	 1.28	 9.20	 2.73	 1.40
 46.6	 29.5	 6.22	 1.31	 9.22	 2.70	 1.39
 46.7	 29.5	 6.22	 1.18	 9.21	 2.68	 1.38
 46.8	 29.6	 6.22	 1.31	 9.22	 2.66	 1.37
 46.9	 29.6	 6.22	 1.18	 9.16	 2.65	 1.37
 47.0	 29.5	 6.21	 1.22	 9.23	 2.62	 1.36
 47.1	 29.4	 6.21	 1.09	 9.21	 2.60	 1.35
 47.2	 29.5	 6.21	 1.18	 9.24	 2.59	 1.35
 47.3	 29.5	 6.21	 1.22	 9.23	 2.58	 1.34
 47.4	 29.5	 6.21	 1.18	 9.18	 2.58	 1.34
 47.5	 29.5	 6.21	 1.15	 9.27	 2.56	 1.34
 47.6	 29.6	 6.21	 1.18	 9.19	 2.54	 1.33
 47.7	 29.5	 6.21	 1.15	 9.22	 2.53	 1.32
 47.8	 29.5	 6.21	 1.28	 9.25	 2.52	 1.32
 47.9	 29.5	 6.21	 1.15	 9.24	 2.51	 1.31
 48.0	 29.6	 6.20	 1.18	 9.24	 2.48	 1.30
 48.1	 29.5	 6.20	 1.15	 9.19	 2.44	 1.29
 48.2	 29.6	 6.20	 1.25	 9.24	 2.40	 1.27
 48.3	 29.5	 6.20	 1.25	 9.19	 2.36	 1.26
 48.4	 29.6	 6.19	 1.28	 9.23	 2.33	 1.24
 48.5	 29.5	 6.19	 1.22	 9.24	 2.29	 1.23
 48.6	 29.5	 6.18	 1.31	 9.22	 2.26	 1.21
 48.7	 29.6	 6.18	 1.25	 9.21	 2.24	 1.20
 48.8	 29.6	 6.18	 1.25	 9.19	 2.23	 1.20
 48.9	 29.5	 6.18	 1.25	 9.18	 2.22	 1.19
 49.0	 29.5	 6.18	 1.22	 9.19	 2.21	 1.18
 49.1	 29.5	 6.18	 1.18	 9.22	 2.19	 1.18
 49.2	 29.5	 6.18	 1.28	 9.24	 2.18	 1.17
 49.3	 29.5	 6.18	 1.15	 9.24	 2.16	 1.17
 49.4	 29.5	 6.18	 1.18	 9.23	 2.14	 1.16
 49.5	 29.5	 6.17	 1.25	 9.19	 2.12	 1.15
 49.6	 29.5	 6.17	 1.31	 9.18	 2.11	 1.14
 49.7	 29.6	 6.17	 1.15	 9.18	 2.09	 1.13
 49.8	 29.5	 6.17	 1.28	 9.24	 2.07	 1.12
 49.9	 29.5	 6.17	 1.25	 9.25	 2.04	 1.11
 50.0	 29.5	 6.17	 1.25	 9.23	 2.02	 1.10
 50.1	 29.5	 6.16	 1.25	 9.24	 2.00	 1.09
 50.2	 29.5	 6.16	 1.31	 9.20	 2.00	 1.09
 50.3	 29.5	 6.16	 1.28	 9.21	 1.99	 1.08
 50.4	 29.5	 6.16	 1.25	 9.23	 1.97	 1.08
 50.5	 29.5	 6.16	 1.28	 9.26	 1.96	 1.07
 50.6	 29.5	 6.16	 1.28	 9.19	 1.95	 1.06
 50.7	 29.5	 6.16	 1.15	 9.21	 1.93	 1.06
 50.8	 29.5	 6.16	 1.31	 9.21	 1.92	 1.05
 50.9	 29.5	 6.16	 1.18	 9.18	 1.91	 1.05
 51.0	 29.5	 6.15	 1.15	 9.24	 1.89	 1.04
 51.1	 29.4	 6.15	 1.28	 9.26	 1.87	 1.03
 51.2	 29.5	 6.15	 1.18	 9.19	 1.86	 1.02
 51.3	 29.5	 6.15	 1.25	 9.23	 1.84	 1.01
 51.4	 29.5	 6.15	 1.31	 9.24	 1.82	 1.00
 51.5	 29.4	 6.15	 1.25	 9.19	 1.80	0.994
 51.6	 29.5	 6.14	 1.31	 9.26	 1.78	0.985
 51.7	 29.5	 6.14	 1.18	 9.23	 1.77	0.979
 51.8	 29.5	 6.14	 1.35	 9.24	 1.77	0.974
 51.9	 29.5	 6.14	 1.31	 9.22	 1.75	0.967
 52.0	 29.5	 6.14	 1.18	 9.18	 1.73	0.957
 52.1	 29.5	 6.14	 1.18	 9.22	 1.71	0.946
 52.2	 29.5	 6.14	 1.12	 9.26	 1.70	0.941
 52.3	 29.5	 6.14	 1.22	 9.26	 1.69	0.938
 52.4	 29.5	 6.14	 1.31	 9.21	 1.68	0.932
 52.5	 29.5	 6.14	 1.25	 9.24	 1.66	0.924
 52.6	 29.5	 6.14	 1.28	 9.20	 1.65	0.916
 52.7	 29.5	 6.13	 1.18	 9.24	 1.64	0.912
 52.8	 29.5	 6.13	 1.15	 9.14	 1.63	0.909
 52.9	 29.5	 6.13	 1.18	 9.22	 1.62	0.901
 53.0	 29.5	 6.13	 1.25	 9.21	 1.60	0.893
 53.1	 29.5	 6.13	 1.15	 9.17	 1.59	0.887
 53.2	 29.5	 6.13	 1.12	 9.19	 1.58	0.884
 53.3	 29.5	 6.13	 1.15	 9.21	 1.57	0.882
 53.4	 29.5	 6.13	 1.15	 9.23	 1.57	0.878
 53.5	 29.5	 6.13	 1.25	 9.22	 1.56	0.871
 53.6	 29.5	 6.13	 1.18	 9.29	 1.55	0.867
 53.7	 29.5	 6.13	 1.18	 9.18	 1.55	0.864
 53.8	 29.5	 6.13	 1.22	 9.19	 1.54	0.862
 53.9	 29.5	 6.13	 1.25	 9.21	 1.53	0.857
 54.0	 29.5	 6.13	 1.22	 9.21	 1.51	0.849
 54.1	 29.5	 6.12	 1.22	 9.22	 1.49	0.840
 54.2	 29.5	 6.12	 1.18	 9.19	 1.49	0.835
 54.3	 29.5	 6.12	 1.15	 9.24	 1.48	0.831
 54.4	 29.5	 6.12	 1.35	 9.24	 1.46	0.822
 54.5	 29.5	 6.12	 1.28	 9.21	 1.45	0.814
 54.6	 29.5	 6.12	 1.22	 9.20	 1.44	0.808
 54.7	 29.5	 6.12	 1.15	 9.26	 1.43	0.805
 54.8	 29.5	 6.12	 1.15	 9.24	 1.43	0.803
 54.9	 29.5	 6.12	 1.15	 9.24	 1.43	0.801
 55.0	 29.5	 6.12	 1.25	 9.27	 1.42	0.799
 55.1	 29.4	 6.12	 1.15	 9.24	 1.41	0.795
 55.2	 29.5	 6.12	 1.15	 9.28	 1.40	0.792
 55.3	 29.5	 6.12	 1.35	 9.24	 1.39	0.786
 55.4	 29.5	 6.12	 1.28	 9.22	 1.38	0.778
 55.5	 29.5	 6.12	 1.25	 9.24	 1.36	0.771
 55.6	 29.5	 6.12	 1.18	 9.27	 1.35	0.763
 55.7	 29.5	 6.12	 1.18	 9.23	 1.35	0.761
 55.8	 29.5	 6.12	 1.28	 9.20	 1.33	0.759
 55.9	 29.5	 6.11	 1.12	 9.23	 1.32	0.753
 56.0	 29.4	 6.11	 1.22	 9.21	 1.32	0.748
 56.1	 29.5	 6.11	 1.25	 9.21	 1.31	0.745
 56.2	 29.5	 6.12	 1.12	 9.21	 1.31	0.744
 56.3	 29.4	 6.11	 1.31	 9.20	 1.31	0.744
 56.4	 29.5	 6.11	 1.25	 9.21	 1.30	0.740
 56.5	 29.4	 6.11	 1.31	 9.18	 1.29	0.734
 56.6	 29.5	 6.11	 1.22	 9.24	 1.29	0.730
 56.7	 29.5	 6.11	 1.22	 9.27	 1.28	0.728
 56.8	 29.5	 6.11	 1.28	 9.24	 1.28	0.726
 56.9	 29.5	 6.11	 1.28	 9.25	 1.28	0.725
 57.0	 29.5	 6.11	 1.22	 9.23	 1.28	0.723
 57.1	 29.5	 6.11	 1.22	 9.22	 1.27	0.723
 57.2	 29.5	 6.11	 1.22	 9.24	 1.28	0.723
 57.3	 29.4	 6.11	 1.18	 9.23	 1.27	0.722
 57.4	 29.5	 6.11	 1.28	 9.22	 1.27	0.721
 57.5	 29.5	 6.11	 1.25	 9.19	 1.27	0.721
 57.6	 29.5	 6.11	 1.25	 9.20	 1.27	0.720
 57.7	 29.5	 6.11	 1.22	 9.21	 1.27	0.720
 57.8	 29.5	 6.11	 1.18	 9.23	 1.27	0.720
 57.9	 29.5	 6.11	 1.28	 9.26	 1.26	0.719
 58.0	 29.5	 6.11	 1.31	 9.24	 1.27	0.718
 58.1	 29.5	 6.11	 1.22	 9.24	 1.27	0.718
 58.2	 29.5	 6.11	 1.22	 9.24	 1.26	0.717
 58.3	 29.5	 6.11	 1.12	 9.23	 1.26	0.715
 58.4	 29.5	 6.11	 1.28	 9.24	 1.25	0.714
 58.5	 29.4	 6.11	 1.38	 9.27	 1.25	0.711
 58.6	 29.5	 6.11	 1.15	 9.24	 1.25	0.711
 58.7	 29.4	 6.11	 1.28	 9.24	 1.25	0.709
 58.8	 29.5	 6.11	 1.25	 9.24	 1.24	0.707
 58.9	 29.4	 6.11	 1.31	 9.23	 1.24	0.704
 59.0	 29.4	 6.11	 1.15	 9.22	 1.23	0.702
 59.1	 29.4	 6.11	 1.25	 9.22	 1.23	0.698
 59.2	 29.5	 6.11	 1.25	 9.23	 1.22	0.693
 59.3	 29.4	 6.11	 1.15	 9.21	 1.20	0.686
 59.4	 29.5	 6.11	 1.28	 9.24	 1.20	0.683
 59.5	 29.4	 6.11	 1.25	 9.18	 1.19	0.680
 59.6	 29.5	 6.11	 1.15	 9.26	 1.19	0.680
 59.7	 29.4	 6.11	 1.31	 9.19	 1.19	0.678
 59.8	 29.5	 6.11	 1.18	 9.18	 1.19	0.679
 59.9	 29.5	 6.11	 1.28	 9.21	 1.18	0.678
 60.0	 29.4	 6.11	 1.18	 9.23	 1.19	0.678
 60.1	 29.4	 6.11	 1.18	 9.21	 1.19	0.678
 60.2	 29.5	 6.11	 1.28	 9.19	 1.19	0.677
 60.3	 29.5	 6.11	 1.22	 9.19	 1.19	0.677
 60.4	 29.5	 6.11	 1.15	 9.27	 1.19	0.676
 60.5	 29.5	 6.11	 1.25	 9.23	 1.19	0.677
 60.6	 29.4	 6.11	 1.18	 9.22	 1.19	0.676
 60.7	 29.5	 6.11	 1.25	 9.22	 1.19	0.677
 60.8	 29.6	 6.11	 1.12	 9.16	 1.18	0.676
 60.9	 29.5	 6.11	 1.22	 9.18	 1.18	0.675
 61.0	 29.5	 6.11	 1.15	 9.23	 1.17	0.669
 61.1	 29.5	 6.11	 1.28	 9.26	 1.16	0.664
 61.2	 29.5	 6.11	 1.18	 9.24	 1.15	0.658
 61.3	 29.4	 6.11	 1.31	 9.18	 1.14	0.650
 61.4	 29.4	 6.11	 1.28	 9.23	 1.13	0.645
 61.5	 29.5	 6.11	 1.25	 9.26	 1.12	0.640
 61.6	 29.5	 6.11	 1.28	 9.24	 1.11	0.635
 61.7	 29.5	 6.11	 1.25	 9.21	 1.09	0.626
 61.8	 29.5	 6.11	 1.28	 9.24	 1.08	0.618
 61.9	 29.4	 6.10	 1.18	 9.21	 1.07	0.614
 62.0	 29.4	 6.10	 1.18	 9.26	 1.05	0.606
 62.1	 29.4	 6.10	 1.22	 9.21	 1.03	0.594
 62.2	 29.4	 6.10	 1.28	 9.24	 1.02	0.586
 62.3	 29.4	 6.10	 1.22	 9.19	 1.01	0.583
 62.4	 29.4	 6.10	 1.18	 9.22	 1.00	0.579
 62.5	 29.5	 6.10	 1.35	 9.22	0.989	0.573
 62.6	 29.4	 6.10	 1.35	 9.19	0.977	0.566
 62.7	 29.4	 6.10	 1.18	 9.23	0.964	0.555
 62.8	 29.5	 6.10	 1.15	 9.22	0.942	0.547
 62.9	 29.4	 6.10	 1.28	 9.23	0.931	0.543
 63.0	 29.3	 6.10	 1.35	 9.22	0.926	0.539
 63.1	 29.4	 6.10	 1.18	 9.19	0.925	0.537
 63.2	 29.4	 6.10	 1.25	 9.24	0.917	0.533
 63.3	 29.4	 6.10	 1.31	 9.23	0.902	0.526
 63.4	 29.5	 6.10	 1.35	 9.18	0.892	0.520
 63.5	 29.4	 6.10	 1.22	 9.24	0.884	0.516
 63.6	 29.4	 6.10	 1.22	 9.23	0.878	0.512
 63.7	 29.4	 6.10	 1.18	 9.20	0.867	0.506
 63.8	 29.4	 6.09	 1.28	 9.18	0.856	0.501
 63.9	 29.4	 6.09	 1.18	 9.22	0.849	0.497
 64.0	 29.4	 6.10	 1.31	 9.26	0.845	0.495
 64.1	 29.5	 6.09	 1.28	 9.22	0.839	0.490
 64.2	 29.4	 6.09	 1.25	 9.24	0.832	0.484
 64.3	 29.4	 6.09	 1.31	 9.19	0.818	0.479
 64.4	 29.4	 6.09	 1.25	 9.18	0.811	0.475
 64.5	 29.4	 6.09	 1.22	 9.23	0.801	0.471
 64.6	 29.4	 6.09	 1.22	 9.22	0.791	0.467
 64.7	 29.4	 6.09	 1.31	 9.23	0.785	0.462
 64.8	 29.4	 6.09	 1.18	 9.25	0.772	0.456
 64.9	 29.4	 6.09	 1.15	 9.24	0.763	0.451
 65.0	 29.4	 6.09	 1.15	 9.23	0.757	0.448
 65.1	 29.4	 6.09	 1.18	 9.21	0.752	0.446
 65.2	 29.4	 6.09	 1.25	 9.20	0.752	0.444
 65.3	 29.4	 6.09	 1.18	 9.22	0.742	0.442
 65.4	 29.4	 6.09	 1.28	 9.28	0.737	0.438
 65.5	 29.4	 6.09	 1.31	 9.19	0.738	0.436
 65.6	 29.4	 6.09	 1.28	 9.22	0.727	0.432
 65.7	 29.4	 6.09	 1.22	 9.21	0.722	0.428
 65.8	 29.4	 6.09	 1.25	 9.20	0.719	0.425
 65.9	 29.5	 6.09	 1.25	 9.24	0.708	0.422
 66.0	 29.4	 6.09	 1.28	 9.26	0.704	0.416
 66.1	 29.4	 6.09	 1.15	 9.21	0.690	0.410
 66.2	 29.4	 6.09	 1.31	 9.24	0.678	0.403
 66.3	 29.5	 6.09	 1.18	 9.23	0.665	0.396
 66.4	 29.4	 6.09	 1.15	 9.24	0.651	0.387
 66.5	 29.4	 6.09	 1.25	 9.23	0.626	0.378
 66.6	 29.4	 6.09	 1.22	 9.25	0.619	0.371
 66.7	 29.4	 6.09	 1.12	 9.22	0.604	0.365
 66.8	 29.4	 6.09	 1.28	 9.18	0.596	0.359
 66.9	 29.4	 6.09	 1.18	 9.18	0.589	0.354
 67.0	 29.4	 6.09	 1.18	 9.28	0.579	0.349
 67.1	 29.5	 6.09	 1.22	 9.21	0.571	0.346
 67.2	 29.4	 6.09	 1.15	 9.15	0.566	0.342
 67.3	 29.5	 6.09	 1.22	 9.23	0.563	0.340
 67.4	 29.4	 6.09	 1.31	 9.24	0.556	0.338
 67.5	 29.4	 6.09	 1.31	 9.24	0.551	0.335
 67.6	 29.4	 6.09	 1.12	 9.22	0.548	0.332
 67.7	 29.4	 6.09	 1.15	 9.20	0.535	0.329
 67.8	 29.4	 6.09	 1.25	 9.23	0.537	0.326
 67.9	 29.4	 6.09	 1.28	 9.19	0.525	0.320
 68.0	 29.3	 6.09	 1.15	 9.24	0.510	0.311
 68.1	 29.4	 6.09	 1.18	 9.25	0.492	0.305
 68.2	 29.4	 6.09	 1.28	 9.24	0.496	0.301
 68.3	 29.4	 6.09	 1.18	 9.24	0.485	0.298
 68.4	 29.3	 6.09	 1.35	 9.21	0.478	0.295
 68.5	 29.5	 6.09	 1.22	 9.24	0.468	0.291
 68.6	 29.4	 6.09	 1.15	 9.23	0.465	0.288
 68.7	 29.4	 6.09	 1.28	 9.22	0.462	0.285
 68.8	 29.4	 6.09	 1.25	 9.22	0.455	0.283
 68.9	 29.4	 6.09	 1.22	 9.25	0.447	0.278
 69.0	 29.4	 6.09	 1.15	 9.23	0.437	0.271
 69.1	 29.4	 6.09	 1.18	 9.23	0.417	0.259
 69.2	 29.4	 6.08	 1.25	 9.27	0.380	0.246
 69.3	 29.3	 6.08	 1.25	 9.18	0.362	0.233
 69.4	 29.4	 6.08	 1.12	 9.23	0.340	0.222
 69.5	 29.4	 6.08	 1.31	 9.24	0.321	0.213
 69.6	 29.5	 6.08	 1.18	 9.18	0.309	0.204
 69.7	 29.4	 6.08	 1.18	 9.22	0.297	0.196
 69.8	 29.4	 6.08	 1.09	 9.18	0.282	0.190
 69.9	 29.4	 6.08	 1.18	 9.23	0.275	0.184
 70.0	 29.4	 6.08	 1.18	 9.20	0.269	0.181
 70.1	 29.4	 6.08	 1.18	 9.25	0.264	0.179
 70.2	 29.4	 6.08	 1.28	 9.18	0.266	0.178
 70.3	 29.4	 6.08	 1.28	 9.23	0.263	0.176
 70.4	 29.4	 6.08	 1.22	 9.20	0.258	0.176
 70.5	 29.3	 6.08	 1.15	 9.18	0.256	0.174
 70.6	 29.4	 6.08	 1.22	 9.24	0.251	0.173
 70.7	 29.5	 6.08	 1.18	 9.17	0.253	0.171
 70.8	 29.4	 6.09	 1.31	 9.25	0.250	0.169
 70.9	 29.4	 6.08	 1.18	 9.20	0.241	0.167
 71.0	 29.4	 6.08	 1.25	 9.22	0.236	0.165
 71.1	 29.4	 6.09	 1.18	 9.20	0.234	0.163
 71.2	 29.4	 6.08	 1.31	 9.19	0.237	0.162
 71.3	 29.4	 6.09	 1.25	 9.23	0.229	0.160
 71.4	 29.4	 6.09	 1.18	 9.24	0.221	0.156
 71.5	 29.4	 6.09	 1.31	 9.23	0.211	0.152
 71.6	 29.4	 6.09	 1.25	 9.24	0.208	0.149
 71.7	 29.3	 6.09	 1.15	 9.25	0.203	0.147
 71.8	 29.4	 6.09	 1.31	 9.17	0.202	0.145
 71.9	 29.4	 6.09	 1.18	 9.19	0.193	0.142
 72.0	 29.4	 6.09	 1.18	 9.24	0.195	0.141
 72.1	 29.4	 6.09	 1.28	 9.21	0.190	0.139
 72.2	 29.4	 6.09	 1.28	 9.21	0.189	0.137
 72.3	 29.4	 6.09	 1.18	 9.23	0.186	0.135
 72.4	 29.4	 6.09	 1.15	 9.22	0.178	0.133
 72.5	 29.4	 6.09	 1.18	 9.23	0.179	0.131
 72.6	 29.4	 6.09	 1.28	 9.19	0.174	0.129
 72.7	 29.3	 6.09	 1.22	 9.25	0.168	0.127
 72.8	 29.4	 6.09	 1.31	 9.24	0.160	0.124
 72.9	 29.3	 6.09	 1.31	 9.25	0.159	0.121
 73.0	 29.3	 6.09	 1.18	 9.21	0.152	0.119
 73.1	 29.4	 6.09	 1.25	 9.23	0.154	0.118
 73.2	 29.4	 6.09	 1.18	 9.18	0.150	0.117
 73.3	 29.4	 6.09	 1.22	 9.23	0.141	0.115
 73.4	 29.3	 6.09	 1.18	 9.17	0.143	0.113
 73.5	 29.4	 6.09	 1.31	 9.21	0.142	0.110
 73.6	 29.4	 6.09	 1.18	 9.20	0.132	0.108
 73.7	 29.4	 6.09	 1.25	 9.21	0.136	0.107
 73.8	 29.4	 6.09	 1.18	 9.20	0.129	0.104
 73.9	 29.4	 6.09	 1.25	 9.27	0.121	0.103
 74.0	 29.3	 6.09	 1.22	 9.22	0.124	0.103
 74.1	 29.3	 6.09	 1.18	 9.24	0.119	0.100
 74.2	 29.4	 6.09	 1.31	 9.21	0.110	0.0974
 74.3	 29.4	 6.09	 1.28	 9.23	0.106	0.0951
 74.4	 29.3	 6.09	 1.18	 9.23	0.107	0.0940
 74.5	 29.4	 6.09	 1.31	 9.21	0.107	0.0925
 74.6	 29.4	 6.09	 1.22	 9.23	0.107	0.0912
 74.7	 29.4	 6.09	 1.18	 9.19	0.0979	0.0901
 74.8	 29.3	 6.09	 1.22	 9.25	0.0970	0.0883
 74.9	 29.4	 6.09	 1.15	 9.23	0.0919	0.0854
 75.0	 29.5	 6.09	 1.31	 9.22	0.0781	0.0812
 75.1	 29.4	 6.09	 1.35	 9.26	0.0704	0.0758
 75.2	 29.3	 6.09	 1.22	 9.25	0.0642	0.0705
 75.3	 29.4	 6.09	 1.25	 9.18	0.0521	0.0651
 75.4	 29.3	 6.09	 1.31	 9.21	0.0462	0.0604
 75.5	 29.4	 6.09	 1.15	 9.23	0.0350	0.0559
 75.6	 29.4	 6.09	 1.18	 9.26	0.0341	0.0521
 75.7	 29.4	 6.09	 1.25	 9.20	0.0202	0.0486
 75.8	 29.4	 6.09	 1.31	 9.22	0.0208	0.0463
 75.9	 29.3	 6.09	 1.22	 9.27	0.0167	0.0452
 76.0	 29.4	 6.09	 1.15	 9.15	0.00897	0.0426
 76.1	 29.4	 6.09	 1.28	 9.26	0.00809	0.0405
 76.2	 29.3	 6.09	 1.15	 9.26	0.0102	0.0393
 76.3	 29.4	 6.09	 1.38	 9.19	0.00927	0.0387
 76.4	 29.4	 6.09	 1.31	 9.26	0.00395	0.0384
 76.5	 29.4	 6.09	 1.25	 9.24	0.00632	0.0387
 76.6	 29.4	 6.09	 1.22	 9.19	0.00573	0.0382
 76.7	 29.3	 6.09	 1.22	 9.19	0.00395	0.0384
 76.8	 29.4	 6.09	 1.31	 9.23	0.00543	0.0382
 76.9	 29.3	 6.09	 1.25	 9.24	0.00986	0.0382
 77.0	 29.4	 6.09	 1.22	 9.18	0.00514	0.0382
 77.1	 29.4	 6.09	 1.31	 9.19	0.000116	0.0382
 77.2	 29.3	 6.09	 1.25	 9.23	0.00218	0.0382
 77.3	 29.5	 6.09	 1.22	 9.19	-0.000770	0.0382
 77.4	 29.3	 6.10	 1.31	 9.25	0.00248	0.0380
 77.5	 29.3	 6.09	 1.25	 9.22	0.0113	0.0380
 77.6	 29.3	 6.09	 1.28	 9.20	0.00986	0.0380
 77.7	 29.4	 6.10	 1.25	 9.25	0.00159	0.0382
 77.8	 29.3	 6.10	 1.31	 9.26	0.00366	0.0380
 77.9	 29.4	 6.10	 1.31	 9.19	0.0102	0.0382
 78.0	 29.3	 6.10	 1.15	 9.25	0.0119	0.0380
 78.1	 29.4	 6.10	 1.25	 9.21	0.00809	0.0380
 78.2	 29.4	 6.10	 1.22	 9.24	0.00779	0.0382
 78.3	 29.3	 6.10	 1.22	 9.21	0.00809	0.0382
 78.4	 29.3	 6.10	 1.18	 9.23	0.00484	0.0382
 78.5	 29.3	 6.10	 1.15	 9.22	0.00602	0.0382
 78.6	 29.3	 6.10	 1.28	 9.20	0.00927	0.0382
 78.7	 29.4	 6.10	 1.28	 9.22	0.00750	0.0380
 78.8	 29.2	 6.10	 1.31	 9.26	0.00543	0.0384
 78.9	 29.4	 6.10	 1.18	 9.19	0.00395	0.0379
 79.0	 29.3	 6.10	 1.28	 9.24	0.00277	0.0379
 79.1	 29.3	 6.10	 1.18	 9.27	0.00838	0.0380
 79.2	 29.4	 6.10	 1.28	 9.23	0.00691	0.0382
 79.3	 29.4	 6.10	 1.28	 9.25	0.000411	0.0380
 79.4	 29.4	 6.10	 1.35	 9.20	0.00632	0.0380
 79.5	 29.3	 6.10	 1.31	 9.22	0.00927	0.0384
 79.6	 29.2	 6.10	 1.25	 9.20	0.00366	0.0382
 79.7	 29.3	 6.10	 1.31	 9.28	0.00956	0.0382
 79.8	 29.3	 6.10	 1.31	 9.14	0.00277	0.0384
 79.9	 29.3	 6.10	 1.22	 9.25	0.00514	0.0380
 80.0	 29.4	 6.10	 1.31	 9.21	0.00632	0.0379
 80.1	 29.4	 6.10	 1.22	 9.24	0.00602	0.0380
 80.2	 29.3	 6.10	 1.22	 9.25	0.00484	0.0380
 80.3	 29.4	 6.10	 1.28	 9.18	0.00986	0.0379
 80.4	 29.3	 6.10	 1.28	 9.25	0.00454	0.0380
 80.5	 29.4	 6.10	 1.18	 9.20	0.00454	0.0380
 80.6	 29.4	 6.10	 1.15	 9.25	0.00779	0.0379
 80.7	 29.3	 6.10	 1.25	 9.18	0.000411	0.0382
 80.8	 29.3	 6.10	 1.28	 9.23	0.00454	0.0379
 80.9	 29.3	 6.10	 1.31	 9.23	0.00277	0.0379
 81.0	 29.4	 6.10	 1.22	 9.24	0.00986	0.0382
 81.1	 29.4	 6.10	 1.28	 9.26	0.00307	0.0384
 81.2	 29.3	 6.10	 1.31	 9.21	0.0113	0.0380
 81.3	 29.4	 6.10	 1.25	 9.25	0.00100	0.0380
 81.4	 29.3	 6.10	 1.31	 9.23	0.000116	0.0384
 81.5	 29.4	 6.10	 1.22	 9.24	0.00336	0.0382
 81.6	 29.3	 6.10	 1.22	 9.23	0.00750	0.0380
 81.7	 29.4	 6.10	 1.18	 9.18	0.00750	0.0380
 81.8	 29.4	 6.10	 1.28	 9.26	0.00484	0.0382
 81.9	 29.3	 6.10	 1.22	 9.16	0.00809	0.0380
 82.0	 29.4	 6.10	 1.12	 9.21	0.00720	0.0379
 82.1	 29.3	 6.10	 1.31	 9.21	0.00661	0.0384
 82.2	 29.3	 6.10	 1.22	 9.23	0.00986	0.0382
