Time	Temp	SampVolt	HallVolt	SampCurr	MagCurr	MagField
 0.00	 24.9	 1.24	 6.05	 30.2	0.00366	0.0379
0.100	 24.9	 1.24	 6.12	 30.2	-0.00166	0.0380
0.200	 24.9	 1.24	 6.08	 30.2	0.00573	0.0379
0.300	 24.8	 1.24	 5.95	 30.2	0.00809	0.0382
0.400	 24.8	 1.24	 6.02	 30.2	0.00986	0.0380
0.500	 25.0	 1.24	 6.12	 30.2	0.00838	0.0380
0.600	 24.9	 1.24	 5.95	 30.2	0.00602	0.0375
0.700	 24.9	 1.24	 6.12	 30.2	0.00661	0.0380
0.800	 25.0	 1.24	 6.12	 30.2	0.00691	0.0379
0.900	 24.9	 1.24	 6.08	 30.2	0.00986	0.0379
 1.00	 24.9	 1.24	 6.15	 30.2	0.00750	0.0379
 1.10	 24.9	 1.24	 6.15	 30.2	0.0140	0.0380
 1.20	 24.9	 1.24	 6.12	 30.2	0.00543	0.0379
 1.30	 24.9	 1.24	 6.12	 30.2	0.00868	0.0379
 1.40	 24.9	 1.24	 5.99	 30.2	0.0128	0.0380
 1.50	 24.9	 1.24	 5.99	 30.2	0.00484	0.0382
 1.60	 24.9	 1.24	 6.21	 30.2	0.00425	0.0380
 1.70	 25.0	 1.24	 5.92	 30.2	0.00484	0.0382
 1.80	 24.9	 1.24	 6.12	 30.2	0.00366	0.0382
 1.90	 24.9	 1.24	 6.08	 30.3	0.00809	0.0380
 2.00	 24.8	 1.24	 6.15	 30.2	0.00395	0.0380
 2.10	 24.9	 1.24	 6.12	 30.2	0.00248	0.0382
 2.20	 24.9	 1.24	 5.92	 30.3	-0.00107	0.0380
 2.30	 24.9	 1.24	 6.12	 30.2	0.00189	0.0382
 2.40	 24.9	 1.24	 6.08	 30.2	0.00248	0.0384
 2.50	 24.8	 1.24	 5.89	 30.2	0.0128	0.0392
 2.60	 24.9	 1.24	 5.53	 30.2	0.0143	0.0418
 2.70	 24.9	 1.24	 3.55	 30.2	0.0595	0.0578
 2.80	 24.9	 1.24	 2.29	 30.3	0.0855	0.0693
 2.90	 24.9	 1.24	 1.25	 30.2	0.109	0.0786
 3.00	 24.9	 1.24	0.794	 30.2	0.115	0.0825
 3.10	 24.8	 1.24	0.210	 30.2	0.134	0.0873
 3.20	 24.9	 1.24	-0.666	 30.2	0.144	0.0938
 3.30	 24.9	 1.24	-1.61	 30.2	0.169	0.103
 3.40	 25.0	 1.24	-2.35	 30.2	0.180	0.108
 3.50	 24.8	 1.24	-2.91	 30.2	0.191	0.113
 3.60	 24.9	 1.24	-3.78	 30.2	0.200	0.120
 3.70	 24.9	 1.24	-4.11	 30.2	0.212	0.123
 3.80	 24.9	 1.24	-4.66	 30.2	0.217	0.128
 3.90	 24.9	 1.24	-5.24	 30.2	0.235	0.133
 4.00	 24.9	 1.24	-5.92	 30.2	0.243	0.138
 4.10	 24.9	 1.24	-6.74	 30.2	0.259	0.146
 4.20	 24.8	 1.24	-7.51	 30.2	0.275	0.152
 4.30	 24.9	 1.24	-7.61	 30.2	0.268	0.152
 4.40	 24.8	 1.24	-7.87	 30.2	0.282	0.155
 4.50	 24.8	 1.24	-8.65	 30.2	0.296	0.162
 4.60	 24.9	 1.24	-9.85	 30.2	0.313	0.171
 4.70	 25.0	 1.24	-10.7	 30.2	0.328	0.178
 4.80	 24.9	 1.24	-11.7	 30.2	0.350	0.186
 4.90	 24.9	 1.24	-13.1	 30.2	0.372	0.198
 5.00	 24.9	 1.24	-15.6	 30.2	0.415	0.219
 5.10	 24.9	 1.24	-18.8	 30.2	0.469	0.245
 5.20	 24.9	 1.24	-20.2	 30.2	0.496	0.257
 5.30	 24.9	 1.24	-21.3	 30.2	0.511	0.266
 5.40	 24.9	 1.24	-22.4	 30.2	0.529	0.275
 5.50	 24.9	 1.24	-24.1	 30.2	0.555	0.289
 5.60	 24.9	 1.24	-27.6	 30.2	0.614	0.319
 5.70	 24.9	 1.24	-30.4	 30.2	0.662	0.340
 5.80	 24.9	 1.24	-32.5	 30.2	0.696	0.360
 5.90	 24.9	 1.24	-34.7	 30.2	0.725	0.376
 6.00	 24.9	 1.24	-37.6	 30.2	0.768	0.399
 6.10	 25.0	 1.24	-39.8	 30.2	0.805	0.417
 6.20	 25.0	 1.24	-42.6	 30.2	0.853	0.442
 6.30	 24.9	 1.24	-45.1	 30.2	0.889	0.461
 6.40	 25.0	 1.24	-46.6	 30.3	0.915	0.474
 6.50	 24.9	 1.24	-48.2	 30.2	0.942	0.489
 6.60	 25.0	 1.24	-51.0	 30.1	0.984	0.510
 6.70	 24.9	 1.24	-53.6	 30.1	 1.03	0.533
 6.80	 24.9	 1.24	-55.9	 30.2	 1.06	0.551
 6.90	 24.9	 1.24	-57.7	 30.2	 1.10	0.568
 7.00	 25.0	 1.24	-61.0	 30.2	 1.15	0.593
 7.10	 25.0	 1.24	-63.9	 30.2	 1.20	0.621
 7.20	 25.0	 1.24	-67.2	 30.2	 1.24	0.645
 7.30	 25.0	 1.24	-70.8	 30.2	 1.31	0.674
 7.40	 25.0	 1.24	-73.4	 30.2	 1.36	0.699
 7.50	 25.0	 1.24	-75.4	 30.2	 1.39	0.718
 7.60	 25.0	 1.24	-78.6	 30.2	 1.44	0.740
 7.70	 25.0	 1.24	-80.6	 30.2	 1.48	0.758
 7.80	 25.0	 1.25	-82.8	 30.1	 1.51	0.776
 7.90	 25.0	 1.25	-84.7	 30.1	 1.55	0.795
 8.00	 24.9	 1.25	-86.3	 30.1	 1.58	0.809
 8.10	 25.0	 1.25	-88.2	 30.2	 1.60	0.824
 8.20	 25.0	 1.25	-89.6	 30.2	 1.62	0.836
 8.30	 25.0	 1.25	-90.6	 30.2	 1.64	0.844
 8.40	 25.0	 1.25	-91.9	 30.2	 1.67	0.855
 8.50	 25.0	 1.25	-95.2	 30.2	 1.71	0.876
 8.60	 25.0	 1.25	-97.0	 30.2	 1.75	0.894
 8.70	 25.1	 1.25	-98.3	 30.1	 1.78	0.909
 8.80	 25.0	 1.25	 -100	 30.1	 1.81	0.922
 8.90	 25.0	 1.25	 -102	 30.2	 1.84	0.937
 9.00	 25.0	 1.25	 -104	 30.1	 1.86	0.946
 9.10	 25.0	 1.25	 -105	 30.2	 1.88	0.958
 9.20	 25.0	 1.25	 -108	 30.2	 1.93	0.979
 9.30	 24.9	 1.25	 -109	 30.1	 1.97	0.998
 9.40	 25.1	 1.25	 -111	 30.1	 2.00	 1.01
 9.50	 25.0	 1.25	 -112	 30.2	 2.01	 1.02
 9.60	 25.0	 1.25	 -117	 30.1	 2.09	 1.05
 9.70	 25.0	 1.25	 -122	 30.2	 2.19	 1.10
 9.80	 25.0	 1.25	 -124	 30.2	 2.25	 1.12
 9.90	 25.0	 1.25	 -126	 30.2	 2.28	 1.14
 10.0	 25.0	 1.25	 -128	 30.2	 2.32	 1.16
 10.1	 25.0	 1.25	 -131	 30.1	 2.36	 1.18
 10.2	 25.1	 1.25	 -133	 30.2	 2.39	 1.19
 10.3	 25.0	 1.25	 -133	 30.2	 2.40	 1.19
 10.4	 25.1	 1.25	 -131	 30.1	 2.37	 1.18
 10.5	 25.0	 1.25	 -132	 30.1	 2.36	 1.18
 10.6	 25.0	 1.25	 -130	 30.1	 2.35	 1.18
 10.7	 25.1	 1.25	 -132	 30.2	 2.38	 1.19
 10.8	 25.0	 1.25	 -135	 30.2	 2.45	 1.21
 10.9	 25.0	 1.25	 -137	 30.2	 2.51	 1.24
 11.0	 25.1	 1.26	 -140	 30.2	 2.55	 1.25
 11.1	 25.0	 1.26	 -142	 30.1	 2.59	 1.27
 11.2	 25.1	 1.26	 -145	 30.2	 2.63	 1.29
 11.3	 25.1	 1.26	 -147	 30.1	 2.68	 1.31
 11.4	 25.1	 1.26	 -150	 30.1	 2.73	 1.33
 11.5	 25.1	 1.26	 -151	 30.1	 2.77	 1.34
 11.6	 25.1	 1.26	 -152	 30.1	 2.81	 1.36
 11.7	 25.0	 1.26	 -155	 30.1	 2.85	 1.38
 11.8	 25.1	 1.26	 -157	 30.1	 2.88	 1.39
 11.9	 25.1	 1.26	 -157	 30.2	 2.90	 1.40
 12.0	 25.1	 1.26	 -159	 30.2	 2.93	 1.41
 12.1	 25.1	 1.26	 -160	 30.1	 2.97	 1.42
 12.2	 25.1	 1.26	 -162	 30.1	 3.00	 1.43
 12.3	 25.0	 1.26	 -164	 30.2	 3.04	 1.45
 12.4	 25.1	 1.26	 -165	 30.2	 3.07	 1.46
 12.5	 25.1	 1.26	 -166	 30.1	 3.10	 1.47
 12.6	 25.0	 1.26	 -167	 30.1	 3.11	 1.47
 12.7	 25.1	 1.26	 -166	 30.1	 3.12	 1.48
 12.8	 25.0	 1.26	 -167	 30.1	 3.13	 1.48
 12.9	 25.1	 1.26	 -168	 30.1	 3.14	 1.48
 13.0	 25.1	 1.26	 -167	 30.1	 3.17	 1.49
 13.1	 25.0	 1.26	 -168	 30.1	 3.18	 1.50
 13.2	 25.2	 1.26	 -168	 30.1	 3.19	 1.50
 13.3	 25.2	 1.26	 -169	 30.1	 3.20	 1.50
 13.4	 25.1	 1.26	 -170	 30.1	 3.21	 1.51
 13.5	 25.1	 1.26	 -171	 30.1	 3.22	 1.51
 13.6	 25.0	 1.26	 -171	 30.1	 3.24	 1.51
 13.7	 25.1	 1.26	 -171	 30.2	 3.25	 1.52
 13.8	 25.1	 1.26	 -171	 30.1	 3.25	 1.52
 13.9	 25.1	 1.26	 -173	 30.2	 3.27	 1.52
 14.0	 25.1	 1.26	 -173	 30.1	 3.28	 1.53
 14.1	 25.1	 1.26	 -172	 30.1	 3.30	 1.53
 14.2	 25.1	 1.26	 -174	 30.1	 3.31	 1.53
 14.3	 25.0	 1.26	 -173	 30.1	 3.31	 1.54
 14.4	 25.1	 1.26	 -174	 30.2	 3.32	 1.54
 14.5	 25.1	 1.26	 -173	 30.1	 3.33	 1.54
 14.6	 25.1	 1.26	 -174	 30.1	 3.33	 1.54
 14.7	 25.1	 1.26	 -174	 30.1	 3.35	 1.55
 14.8	 25.1	 1.26	 -174	 30.2	 3.36	 1.55
 14.9	 25.0	 1.26	 -176	 30.1	 3.36	 1.55
 15.0	 25.1	 1.26	 -175	 30.1	 3.37	 1.55
 15.1	 25.1	 1.26	 -175	 30.1	 3.37	 1.56
 15.2	 25.1	 1.26	 -176	 30.1	 3.38	 1.56
 15.3	 25.1	 1.26	 -177	 30.1	 3.38	 1.56
 15.4	 25.1	 1.26	 -177	 30.1	 3.38	 1.56
 15.5	 25.1	 1.26	 -176	 30.1	 3.37	 1.56
 15.6	 25.1	 1.26	 -175	 30.2	 3.37	 1.56
 15.7	 25.1	 1.26	 -175	 30.1	 3.38	 1.56
 15.8	 25.1	 1.26	 -177	 30.1	 3.37	 1.56
 15.9	 25.1	 1.26	 -175	 30.1	 3.38	 1.56
 16.0	 25.1	 1.26	 -176	 30.1	 3.38	 1.56
 16.1	 25.1	 1.26	 -175	 30.1	 3.38	 1.56
 16.2	 25.2	 1.26	 -177	 30.1	 3.37	 1.56
 16.3	 25.1	 1.26	 -177	 30.1	 3.37	 1.56
 16.4	 25.1	 1.26	 -176	 30.1	 3.38	 1.56
 16.5	 25.1	 1.26	 -175	 30.1	 3.38	 1.56
 16.6	 25.1	 1.26	 -177	 30.1	 3.38	 1.56
 16.7	 25.1	 1.26	 -176	 30.1	 3.38	 1.56
 16.8	 25.1	 1.26	 -176	 30.1	 3.37	 1.56
 16.9	 25.0	 1.26	 -176	 30.1	 3.38	 1.56
 17.0	 25.1	 1.26	 -175	 30.1	 3.37	 1.55
 17.1	 25.1	 1.26	 -177	 30.1	 3.38	 1.55
 17.2	 25.1	 1.26	 -175	 30.1	 3.37	 1.56
 17.3	 25.1	 1.26	 -176	 30.1	 3.37	 1.56
 17.4	 25.0	 1.26	 -176	 30.1	 3.37	 1.56
 17.5	 25.1	 1.26	 -175	 30.2	 3.37	 1.56
 17.6	 25.1	 1.26	 -176	 30.1	 3.37	 1.56
 17.7	 25.2	 1.26	 -176	 30.1	 3.38	 1.56
 17.8	 25.1	 1.26	 -176	 30.1	 3.37	 1.55
 17.9	 25.1	 1.26	 -176	 30.1	 3.38	 1.56
 18.0	 25.2	 1.26	 -176	 30.2	 3.36	 1.55
 18.1	 25.1	 1.26	 -175	 30.1	 3.36	 1.55
 18.2	 25.1	 1.26	 -174	 30.1	 3.34	 1.55
 18.3	 25.1	 1.26	 -174	 30.1	 3.33	 1.55
 18.4	 25.1	 1.26	 -173	 30.1	 3.30	 1.54
 18.5	 25.1	 1.26	 -174	 30.1	 3.28	 1.54
 18.6	 25.1	 1.26	 -173	 30.1	 3.27	 1.53
 18.7	 25.1	 1.26	 -172	 30.1	 3.24	 1.53
 18.8	 25.1	 1.26	 -171	 30.2	 3.22	 1.52
 18.9	 25.1	 1.26	 -172	 30.1	 3.20	 1.52
 19.0	 25.1	 1.26	 -170	 30.1	 3.19	 1.52
 19.1	 25.1	 1.26	 -172	 30.1	 3.18	 1.51
 19.2	 25.1	 1.26	 -171	 30.1	 3.18	 1.51
 19.3	 25.1	 1.26	 -171	 30.2	 3.15	 1.51
 19.4	 25.1	 1.26	 -170	 30.1	 3.13	 1.50
 19.5	 25.2	 1.26	 -170	 30.1	 3.12	 1.50
 19.6	 25.1	 1.26	 -168	 30.1	 3.08	 1.49
 19.7	 25.1	 1.26	 -165	 30.2	 3.03	 1.47
 19.8	 25.1	 1.26	 -164	 30.1	 2.96	 1.45
 19.9	 25.1	 1.26	 -160	 30.1	 2.89	 1.43
 20.0	 25.1	 1.26	 -159	 30.1	 2.82	 1.41
 20.1	 25.1	 1.26	 -155	 30.1	 2.76	 1.38
 20.2	 25.1	 1.26	 -154	 30.1	 2.70	 1.37
 20.3	 25.1	 1.26	 -151	 30.1	 2.66	 1.35
 20.4	 25.1	 1.26	 -148	 30.1	 2.59	 1.32
 20.5	 25.1	 1.26	 -145	 30.1	 2.53	 1.30
 20.6	 25.1	 1.26	 -142	 30.1	 2.45	 1.27
 20.7	 25.0	 1.25	 -138	 30.1	 2.38	 1.23
 20.8	 25.1	 1.25	 -134	 30.1	 2.29	 1.20
 20.9	 25.0	 1.25	 -128	 30.1	 2.19	 1.15
 21.0	 25.1	 1.25	 -123	 30.1	 2.09	 1.11
 21.1	 25.0	 1.25	 -118	 30.2	 2.00	 1.06
 21.2	 25.1	 1.25	 -113	 30.2	 1.91	 1.02
 21.3	 25.0	 1.25	 -108	 30.1	 1.84	0.988
 21.4	 25.0	 1.25	 -107	 30.1	 1.80	0.969
 21.5	 25.1	 1.25	 -104	 30.2	 1.78	0.954
 21.6	 25.0	 1.25	 -102	 30.1	 1.74	0.939
 21.7	 25.0	 1.25	-98.5	 30.2	 1.67	0.907
 21.8	 25.0	 1.25	-94.4	 30.2	 1.61	0.876
 21.9	 25.0	 1.25	-91.5	 30.2	 1.56	0.850
 22.0	 25.1	 1.25	-87.5	 30.2	 1.49	0.814
 22.1	 25.0	 1.25	-83.6	 30.2	 1.42	0.782
 22.2	 25.1	 1.24	-79.2	 30.2	 1.35	0.748
 22.3	 25.0	 1.24	-75.4	 30.2	 1.29	0.715
 22.4	 25.0	 1.24	-71.8	 30.2	 1.22	0.682
 22.5	 25.0	 1.24	-68.4	 30.2	 1.18	0.656
 22.6	 25.0	 1.24	-65.9	 30.2	 1.13	0.631
 22.7	 25.0	 1.24	-62.9	 30.2	 1.09	0.613
 22.8	 25.0	 1.24	-60.5	 30.2	 1.05	0.591
 22.9	 25.0	 1.24	-57.8	 30.2	 1.00	0.567
 23.0	 25.0	 1.24	-55.1	 30.2	0.965	0.547
 23.1	 25.0	 1.24	-52.8	 30.2	0.924	0.524
 23.2	 25.0	 1.24	-50.8	 30.2	0.894	0.506
 23.3	 25.0	 1.24	-49.0	 30.2	0.864	0.492
 23.4	 25.0	 1.24	-46.4	 30.2	0.824	0.472
 23.5	 25.0	 1.24	-42.9	 30.2	0.769	0.445
 23.6	 24.9	 1.24	-39.5	 30.2	0.718	0.416
 23.7	 25.0	 1.24	-35.7	 30.2	0.658	0.384
 23.8	 24.9	 1.24	-32.5	 30.2	0.604	0.359
 23.9	 25.0	 1.24	-30.0	 30.2	0.570	0.338
 24.0	 25.0	 1.24	-26.4	 30.2	0.514	0.308
 24.1	 24.9	 1.24	-22.9	 30.2	0.455	0.277
 24.2	 24.9	 1.24	-19.1	 30.2	0.399	0.247
 24.3	 24.9	 1.24	-16.9	 30.2	0.364	0.229
 24.4	 24.9	 1.24	-15.1	 30.2	0.337	0.214
 24.5	 24.9	 1.24	-13.7	 30.2	0.315	0.202
 24.6	 24.9	 1.24	-12.8	 30.2	0.305	0.195
 24.7	 24.9	 1.24	-11.6	 30.2	0.283	0.185
 24.8	 24.9	 1.24	-10.5	 30.2	0.265	0.176
 24.9	 24.9	 1.24	-9.72	 30.2	0.252	0.170
 25.0	 25.0	 1.24	-8.68	 30.2	0.235	0.161
 25.1	 24.9	 1.24	-7.87	 30.2	0.229	0.155
 25.2	 24.9	 1.24	-7.19	 30.2	0.216	0.149
 25.3	 24.9	 1.24	-7.22	 30.2	0.212	0.149
 25.4	 25.0	 1.24	-6.25	 30.2	0.194	0.141
 25.5	 24.9	 1.24	-5.60	 30.2	0.188	0.135
 25.6	 24.9	 1.24	-4.76	 30.2	0.174	0.128
 25.7	 24.9	 1.24	-4.01	 30.2	0.164	0.122
 25.8	 24.9	 1.24	-3.17	 30.2	0.144	0.115
 25.9	 25.0	 1.24	-2.48	 30.2	0.141	0.109
 26.0	 25.0	 1.24	-2.13	 30.2	0.134	0.107
 26.1	 24.9	 1.24	-1.61	 30.2	0.123	0.101
 26.2	 24.9	 1.24	-1.67	 30.2	0.132	0.103
 26.3	 24.9	 1.24	0.242	 30.2	0.0934	0.0862
 26.4	 24.9	 1.24	 2.74	 30.2	0.0527	0.0656
 26.5	 25.0	 1.24	 3.88	 30.2	0.0415	0.0564
 26.6	 24.9	 1.24	 4.53	 30.3	0.0285	0.0513
 26.7	 24.9	 1.24	 4.85	 30.2	0.0240	0.0489
 26.8	 24.9	 1.24	 5.11	 30.2	0.0146	0.0453
 26.9	 24.9	 1.24	 5.66	 30.2	0.00986	0.0421
 27.0	 24.9	 1.24	 5.76	 30.2	0.00543	0.0406
 27.1	 25.0	 1.24	 5.95	 30.2	0.00661	0.0396
 27.2	 24.9	 1.24	 6.08	 30.2	0.00395	0.0390
 27.3	 25.0	 1.24	 6.05	 30.2	0.00602	0.0388
 27.4	 25.0	 1.24	 5.95	 30.2	0.00248	0.0385
 27.5	 24.9	 1.24	 6.08	 30.2	0.00750	0.0384
 27.6	 25.0	 1.24	 5.92	 30.2	0.00514	0.0382
 27.7	 24.9	 1.24	 6.18	 30.2	0.00809	0.0382
 27.8	 25.0	 1.24	 6.08	 30.2	0.00277	0.0384
 27.9	 24.9	 1.24	 5.95	 30.2	0.00691	0.0387
 28.0	 25.0	 1.24	 6.12	 30.2	0.00189	0.0385
 28.1	 25.0	 1.24	 6.08	 30.2	-0.000475	0.0385
 28.2	 24.9	 1.24	 5.95	 30.2	0.00986	0.0384
 28.3	 24.9	 1.24	 6.18	 30.2	0.00720	0.0385
 28.4	 24.9	 1.24	 6.05	 30.2	0.00307	0.0385
 28.5	 24.9	 1.24	 6.02	 30.2	0.00956	0.0385
 28.6	 25.0	 1.24	 6.05	 30.2	0.00543	0.0385
 28.7	 25.0	 1.24	 6.12	 30.2	0.00543	0.0380
 28.8	 25.0	 1.24	 6.02	 30.3	0.00366	0.0380
 28.9	 24.9	 1.24	 6.05	 30.2	0.00779	0.0384
 29.0	 24.9	 1.24	 6.05	 30.2	0.00484	0.0385
 29.1	 24.9	 1.24	 5.95	 30.2	0.00189	0.0380
 29.2	 24.9	 1.24	 5.89	 30.2	0.00838	0.0385
 29.3	 24.9	 1.24	 6.15	 30.2	0.00454	0.0384
 29.4	 25.0	 1.24	 6.12	 30.2	0.00425	0.0379
 29.5	 25.0	 1.24	 6.02	 30.2	0.000706	0.0382
 29.6	 25.0	 1.24	 5.92	 30.2	0.00514	0.0380
 29.7	 25.0	 1.24	 6.12	 30.2	0.00484	0.0382
 29.8	 24.9	 1.24	 6.02	 30.2	0.00307	0.0382
 29.9	 25.0	 1.24	 6.08	 30.2	0.00218	0.0382
 30.0	 25.0	 1.24	 6.18	 30.2	0.00277	0.0382
 30.1	 25.0	 1.24	 6.02	 30.2	0.00573	0.0387
 30.2	 25.0	 1.24	 6.08	 30.3	0.00927	0.0380
 30.3	 25.0	 1.24	 5.92	 30.2	0.00573	0.0385
 30.4	 24.9	 1.24	 6.12	 30.2	0.00336	0.0382
 30.5	 25.0	 1.24	 6.02	 30.2	0.00514	0.0384
 30.6	 24.9	 1.24	 6.02	 30.2	0.00573	0.0380
 30.7	 24.9	 1.24	 6.08	 30.2	0.00454	0.0382
 30.8	 24.9	 1.24	 6.02	 30.2	0.00454	0.0382
 30.9	 25.0	 1.24	 6.12	 30.2	0.00307	0.0382
 31.0	 25.0	 1.24	 6.12	 30.2	0.00484	0.0380
 31.1	 25.0	 1.24	 6.18	 30.2	0.00691	0.0382
 31.2	 25.0	 1.24	 5.99	 30.2	0.00543	0.0384
 31.3	 24.9	 1.24	 5.95	 30.2	0.00484	0.0382
 31.4	 25.0	 1.24	 6.18	 30.2	0.00809	0.0380
 31.5	 24.9	 1.24	 6.15	 30.2	0.00336	0.0380
 31.6	 25.0	 1.24	 5.95	 30.2	0.00159	0.0380
 31.7	 25.0	 1.24	 6.12	 30.2	0.00632	0.0382
 31.8	 24.9	 1.24	 6.05	 30.2	0.00189	0.0380
 31.9	 25.0	 1.24	 6.05	 30.2	0.00779	0.0380
 32.0	 24.9	 1.24	 5.99	 30.2	0.00720	0.0382
 32.1	 25.0	 1.24	 6.15	 30.2	0.00425	0.0382
 32.2	 24.9	 1.24	 6.15	 30.2	0.00779	0.0382
 32.3	 24.9	 1.24	 6.08	 30.2	0.00454	0.0382
 32.4	 24.9	 1.24	 5.92	 30.2	0.00336	0.0379
 32.5	 25.0	 1.24	 5.95	 30.2	0.000411	0.0382
 32.6	 25.0	 1.24	 6.15	 30.2	0.00130	0.0384
 32.7	 24.9	 1.24	 5.92	 30.2	0.00307	0.0382
 32.8	 24.9	 1.24	 6.05	 30.2	0.00573	0.0382
 32.9	 24.9	 1.24	 6.15	 30.2	0.00189	0.0384
 33.0	 24.9	 1.24	 5.92	 30.2	0.00691	0.0384
 33.1	 24.9	 1.24	 6.15	 30.2	0.00868	0.0384
 33.2	 25.0	 1.24	 6.18	 30.2	0.00336	0.0384
 33.3	 25.0	 1.24	 6.08	 30.2	0.00277	0.0382
 33.4	 25.0	 1.24	 6.08	 30.2	0.00750	0.0384
 33.5	 24.9	 1.24	 6.15	 30.2	0.00514	0.0380
 33.6	 25.0	 1.24	 6.02	 30.2	0.00336	0.0380
 33.7	 24.9	 1.24	 5.95	 30.2	0.00277	0.0384
 33.8	 25.0	 1.24	 6.08	 30.2	0.00189	0.0382
 33.9	 25.0	 1.24	 6.18	 30.2	0.00868	0.0382
 34.0	 25.0	 1.24	 6.15	 30.2	0.00927	0.0384
 34.1	 24.9	 1.24	 6.05	 30.2	0.00691	0.0382
 34.2	 24.9	 1.24	 6.05	 30.3	0.00130	0.0384
 34.3	 25.0	 1.24	 6.05	 30.2	0.000706	0.0379
 34.4	 25.0	 1.24	 5.86	 30.2	0.00691	0.0384
 34.5	 24.9	 1.24	 5.92	 30.2	0.00661	0.0382
 34.6	 24.9	 1.24	 5.99	 30.2	0.00632	0.0382
 34.7	 25.0	 1.24	 6.05	 30.2	0.00395	0.0382
 34.8	 24.9	 1.24	 5.92	 30.2	0.00425	0.0380
 34.9	 25.0	 1.24	 5.92	 30.2	0.00897	0.0382
 35.0	 24.9	 1.24	 6.02	 30.2	0.00779	0.0380
 35.1	 24.9	 1.24	 6.18	 30.2	0.00573	0.0382
 35.2	 24.9	 1.24	 5.99	 30.1	0.00336	0.0380
 35.3	 24.9	 1.24	 5.99	 30.2	0.00395	0.0380
 35.4	 24.9	 1.24	 5.92	 30.2	0.00336	0.0384
 35.5	 25.0	 1.24	 6.18	 30.2	0.00336	0.0382
 35.6	 25.0	 1.24	 5.99	 30.2	0.00484	0.0382
 35.7	 24.9	 1.24	 5.99	 30.2	-0.00107	0.0384
 35.8	 24.9	 1.24	 5.92	 30.2	0.00484	0.0380
 35.9	 25.0	 1.24	 6.18	 30.2	-0.000180	0.0382
 36.0	 24.9	 1.24	 6.08	 30.2	0.00395	0.0379
 36.1	 24.9	 1.24	 5.95	 30.2	0.00573	0.0384
 36.2	 25.0	 1.24	 5.95	 30.2	0.00573	0.0382
 36.3	 24.9	 1.24	 6.18	 30.2	0.00454	0.0382
 36.4	 24.9	 1.24	 6.08	 30.2	0.00514	0.0385
 36.5	 24.9	 1.24	 5.95	 30.2	0.00336	0.0382
 36.6	 25.0	 1.24	 6.12	 30.2	0.00248	0.0380
 36.7	 24.9	 1.24	 6.12	 30.2	0.00218	0.0379
 36.8	 24.9	 1.24	 6.02	 30.2	0.00189	0.0380
 36.9	 24.9	 1.24	 5.92	 30.2	0.00100	0.0380
 37.0	 24.9	 1.24	 5.95	 30.2	0.00897	0.0382
 37.1	 25.0	 1.24	 6.05	 30.2	0.00779	0.0380
 37.2	 24.9	 1.24	 6.21	 30.2	0.00661	0.0382
 37.3	 24.9	 1.24	 6.15	 30.2	0.00484	0.0384
 37.4	 25.0	 1.24	 6.15	 30.2	0.00484	0.0379
 37.5	 24.9	 1.24	 6.15	 30.2	0.00514	0.0384
 37.6	 25.0	 1.24	 6.12	 30.2	0.00809	0.0384
 37.7	 25.0	 1.24	 5.92	 30.3	0.00218	0.0382
 37.8	 24.9	 1.24	 5.92	 30.2	0.00897	0.0382
 37.9	 25.0	 1.24	 6.15	 30.2	0.00720	0.0382
 38.0	 24.9	 1.24	 5.92	 30.2	0.00307	0.0385
 38.1	 24.9	 1.24	 6.08	 30.2	0.00543	0.0380
 38.2	 24.9	 1.24	 5.95	 30.2	0.00986	0.0384
 38.3	 25.0	 1.24	 5.92	 30.2	-0.000475	0.0382
 38.4	 25.0	 1.24	 6.02	 30.2	0.00927	0.0380
 38.5	 25.0	 1.24	 6.05	 30.2	0.00425	0.0382
 38.6	 25.0	 1.24	 6.15	 30.2	0.00277	0.0384
 38.7	 25.0	 1.24	 6.18	 30.2	0.00986	0.0382
 38.8	 25.0	 1.24	 5.92	 30.2	0.00484	0.0384
 38.9	 25.0	 1.24	 6.05	 30.2	0.00543	0.0380
 39.0	 24.9	 1.24	 6.12	 30.2	0.0105	0.0382
 39.1	 24.9	 1.24	 5.92	 30.2	0.00838	0.0382
 39.2	 25.0	 1.24	 6.08	 30.2	0.00484	0.0384
 39.3	 25.0	 1.24	 6.02	 30.2	0.00248	0.0382
 39.4	 25.0	 1.24	 6.12	 30.2	0.00632	0.0382
 39.5	 24.9	 1.24	 5.95	 30.3	0.000706	0.0382
 39.6	 24.9	 1.24	 6.15	 30.2	-0.00136	0.0382
 39.7	 24.9	 1.24	 6.02	 30.2	0.00425	0.0380
 39.8	 24.9	 1.24	 5.92	 30.2	0.00395	0.0380
 39.9	 25.0	 1.24	 5.99	 30.2	0.00218	0.0384
 40.0	 25.0	 1.24	 6.15	 30.1	0.00956	0.0382
 40.1	 24.9	 1.24	 6.12	 30.2	0.0105	0.0384
 40.2	 25.0	 1.24	 6.08	 30.1	0.00602	0.0382
 40.3	 25.0	 1.24	 6.05	 30.2	0.0107	0.0380
 40.4	 25.0	 1.24	 6.05	 30.2	0.00307	0.0382
 40.5	 25.0	 1.24	 6.08	 30.2	0.00218	0.0384
 40.6	 25.0	 1.24	 5.95	 30.2	0.00720	0.0382
 40.7	 24.9	 1.24	 6.05	 30.3	0.00425	0.0384
 40.8	 24.9	 1.24	 5.99	 30.2	0.00514	0.0382
 40.9	 25.0	 1.24	 5.92	 30.2	0.0116	0.0384
 41.0	 25.0	 1.24	 6.02	 30.2	0.00514	0.0382
 41.1	 25.0	 1.24	 6.05	 30.2	0.00602	0.0382
 41.2	 24.9	 1.24	 6.08	 30.2	0.00779	0.0385
 41.3	 24.9	 1.24	 6.15	 30.2	0.00720	0.0382
 41.4	 25.0	 1.24	 5.89	 30.2	0.00750	0.0380
 41.5	 25.0	 1.24	 6.12	 30.2	0.00425	0.0382
