Time	Temp	SampVolt	HallVolt	SampCurr	MagCurr	MagField
 0.00	  511	 10.6	 1.18	 30.1	0.00809	0.0380
0.0991	  511	 10.6	 1.35	 30.2	0.00189	0.0380
0.198	  511	 10.6	 1.18	 30.1	0.00366	0.0377
0.297	  511	 10.6	 1.31	 30.1	0.00779	0.0380
0.396	  511	 10.6	 1.18	 30.2	0.00130	0.0379
0.495	  511	 10.6	 1.18	 30.1	0.00602	0.0377
0.594	  511	 10.6	 1.35	 30.2	0.00543	0.0377
0.693	  511	 10.6	 1.18	 30.1	0.000411	0.0377
0.793	  511	 10.6	 1.12	 30.1	0.00632	0.0379
0.892	  511	 10.6	 1.15	 30.1	0.00573	0.0379
0.991	  511	 10.6	 1.15	 30.2	0.00336	0.0380
 1.09	  511	 10.6	 1.28	 30.1	0.00602	0.0379
 1.19	  511	 10.6	 1.25	 30.1	0.00425	0.0375
 1.29	  511	 10.6	 1.18	 30.1	0.00130	0.0379
 1.39	  511	 10.6	 1.31	 30.2	0.00809	0.0380
 1.49	  511	 10.6	 1.22	 30.1	0.00632	0.0377
 1.59	  511	 10.6	 1.18	 30.1	0.00514	0.0377
 1.68	  511	 10.6	 1.25	 30.1	0.00336	0.0377
 1.78	  511	 10.6	 1.15	 30.2	0.00543	0.0377
 1.88	  511	 10.6	 1.28	 30.1	0.00336	0.0380
 1.98	  511	 10.6	 1.38	 30.1	0.00514	0.0377
 2.08	  511	 10.6	 1.12	 30.1	0.00602	0.0377
 2.18	  511	 10.6	 1.35	 30.1	0.00602	0.0379
 2.28	  511	 10.6	 1.28	 30.2	0.00484	0.0379
 2.38	  511	 10.6	 1.28	 30.1	0.00248	0.0379
 2.48	  511	 10.6	 1.35	 30.2	0.00130	0.0377
 2.58	  511	 10.6	 1.28	 30.1	0.00986	0.0379
 2.67	  511	 10.6	 1.31	 30.2	0.00218	0.0377
 2.77	  511	 10.6	 1.28	 30.2	0.00248	0.0377
 2.87	  511	 10.6	 1.35	 30.1	-0.00107	0.0379
 2.97	  511	 10.6	 1.25	 30.1	0.00484	0.0377
 3.07	  511	 10.6	 1.15	 30.1	0.00277	0.0379
 3.17	  511	 10.6	 1.12	 30.2	0.00218	0.0377
 3.27	  511	 10.6	 1.31	 30.1	0.00543	0.0377
 3.37	  511	 10.6	 1.28	 30.1	0.00159	0.0377
 3.47	  511	 10.6	 1.31	 30.1	0.00720	0.0379
 3.57	  511	 10.6	 1.28	 30.1	-0.00136	0.0382
 3.67	  511	 10.6	 1.22	 30.1	0.00484	0.0377
 3.76	  511	 10.6	 1.15	 30.1	0.00366	0.0380
 3.86	  511	 10.6	 1.25	 30.1	0.00454	0.0379
 3.96	  511	 10.6	 1.31	 30.2	-0.000180	0.0377
 4.06	  511	 10.6	 1.38	 30.1	0.00514	0.0379
 4.16	  511	 10.6	 1.31	 30.1	0.00691	0.0380
 4.26	  511	 10.6	 1.28	 30.2	0.00277	0.0380
 4.36	  511	 10.6	 1.22	 30.1	0.00248	0.0377
 4.46	  511	 10.6	 1.18	 30.1	0.00514	0.0380
 4.56	  511	 10.6	 1.28	 30.1	0.00277	0.0379
 4.66	  511	 10.6	 1.15	 30.1	0.00691	0.0375
 4.76	  511	 10.6	 1.38	 30.1	0.00602	0.0377
 4.85	  511	 10.6	 1.18	 30.1	0.00159	0.0380
 4.95	  511	 10.6	 1.22	 30.1	0.00130	0.0379
 5.05	  511	 10.6	 1.22	 30.1	0.00897	0.0377
 5.15	  511	 10.6	 1.22	 30.2	0.00484	0.0377
 5.25	  511	 10.6	 1.28	 30.1	0.00750	0.0379
 5.35	  511	 10.6	 1.28	 30.1	0.00809	0.0379
 5.45	  511	 10.6	 1.12	 30.2	0.00307	0.0377
 5.55	  511	 10.6	 1.12	 30.2	0.00277	0.0377
 5.65	  511	 10.6	 1.28	 30.2	0.00484	0.0377
 5.75	  511	 10.6	 1.31	 30.1	0.00307	0.0380
 5.85	  511	 10.6	 1.22	 30.1	-0.00136	0.0379
 5.94	  511	 10.6	 1.12	 30.1	0.00218	0.0377
 6.04	  511	 10.6	 1.22	 30.1	0.00277	0.0377
 6.14	  511	 10.6	 1.09	 30.1	0.00307	0.0377
 6.24	  511	 10.6	 1.09	 30.1	0.00130	0.0379
 6.34	  511	 10.6	 1.15	 30.2	0.00159	0.0379
 6.44	  511	 10.6	 1.25	 30.1	0.00543	0.0377
 6.54	  511	 10.6	 1.18	 30.1	0.00838	0.0380
 6.64	  511	 10.6	 1.25	 30.1	0.00159	0.0379
 6.74	  511	 10.6	 1.22	 30.1	0.00454	0.0379
 6.84	  511	 10.6	 1.25	 30.1	0.00750	0.0379
 6.93	  511	 10.6	 1.18	 30.1	0.00484	0.0380
 7.03	  511	 10.6	 1.18	 30.1	-0.000180	0.0375
 7.13	  511	 10.6	 1.12	 30.1	0.00336	0.0377
 7.23	  511	 10.6	 1.22	 30.1	0.00454	0.0377
 7.33	  511	 10.6	 1.35	 30.1	0.00868	0.0379
 7.43	  511	 10.6	 1.15	 30.1	0.00897	0.0377
 7.53	  511	 10.6	 1.28	 30.1	0.00454	0.0379
 7.63	  511	 10.6	 1.31	 30.1	0.00750	0.0379
 7.73	  511	 10.6	 1.28	 30.2	0.00927	0.0380
 7.83	  511	 10.6	 1.31	 30.1	0.00100	0.0377
 7.93	  511	 10.6	 1.15	 30.1	0.00454	0.0377
 8.02	  511	 10.6	 1.22	 30.2	0.00454	0.0375
 8.12	  511	 10.6	 1.12	 30.1	0.00159	0.0377
 8.22	  511	 10.6	 1.22	 30.2	0.00395	0.0379
 8.32	  511	 10.6	 1.12	 30.1	0.00750	0.0380
 8.42	  511	 10.6	 1.35	 30.2	0.00484	0.0380
 8.52	  511	 10.6	 1.09	 30.1	0.00956	0.0396
 8.62	  511	 10.6	 1.31	 30.1	0.0193	0.0414
 8.72	  511	 10.6	 1.28	 30.1	0.0193	0.0419
 8.82	  511	 10.6	 1.12	 30.2	0.0193	0.0421
 8.92	  511	 10.6	 1.18	 30.1	0.0208	0.0431
 9.02	  511	 10.6	 1.09	 30.1	0.0199	0.0434
 9.11	  511	 10.6	 1.35	 30.1	0.0220	0.0450
 9.21	  511	 10.6	 1.12	 30.1	0.0323	0.0465
 9.31	  511	 10.6	 1.15	 30.1	0.0314	0.0479
 9.41	  511	 10.6	 1.31	 30.1	0.0364	0.0484
 9.51	  511	 10.6	 1.18	 30.1	0.0373	0.0495
 9.61	  511	 10.6	 1.28	 30.2	0.0412	0.0499
 9.71	  511	 10.6	 1.22	 30.2	0.0400	0.0504
 9.81	  511	 10.6	 1.25	 30.1	0.0376	0.0508
 9.91	  511	 10.6	 1.12	 30.1	0.0406	0.0510
 10.0	  511	 10.6	 1.35	 30.2	0.0406	0.0520
 10.1	  511	 10.6	 1.38	 30.1	0.0432	0.0523
 10.2	  511	 10.6	 1.25	 30.1	0.0477	0.0543
 10.3	  511	 10.6	 1.31	 30.1	0.0553	0.0547
 10.4	  511	 10.6	 1.22	 30.1	0.0553	0.0557
 10.5	  511	 10.6	 1.12	 30.1	0.0559	0.0565
 10.6	  511	 10.6	 1.22	 30.1	0.0527	0.0577
 10.7	  511	 10.6	 1.15	 30.1	0.0580	0.0583
 10.8	  511	 10.6	 1.18	 30.1	0.0651	0.0588
 10.9	  511	 10.6	 1.28	 30.2	0.0639	0.0594
 11.0	  511	 10.6	 1.31	 30.2	0.0683	0.0607
 11.1	  511	 10.6	 1.35	 30.1	0.0704	0.0622
 11.2	  511	 10.6	 1.25	 30.1	0.0766	0.0635
 11.3	  511	 10.6	 1.31	 30.1	0.0766	0.0648
 11.4	  511	 10.6	 1.12	 30.2	0.0766	0.0654
 11.5	  511	 10.6	 1.35	 30.2	0.0819	0.0659
 11.6	  511	 10.6	 1.22	 30.2	0.0772	0.0674
 11.7	  511	 10.6	 1.31	 30.1	0.0878	0.0685
 11.8	  511	 10.6	 1.28	 30.2	0.0869	0.0700
 11.9	  511	 10.6	 1.28	 30.1	0.0934	0.0714
 12.0	  511	 10.6	 1.18	 30.2	0.0967	0.0734
 12.1	  511	 10.6	 1.31	 30.1	0.101	0.0749
 12.2	  511	 10.6	 1.28	 30.1	0.105	0.0760
 12.3	  511	 10.6	 1.31	 30.1	0.106	0.0773
 12.4	  511	 10.6	 1.28	 30.1	0.115	0.0791
 12.5	  511	 10.6	 1.25	 30.1	0.121	0.0809
 12.6	  511	 10.6	 1.18	 30.1	0.126	0.0835
 12.7	  511	 10.6	 1.25	 30.1	0.132	0.0861
 12.8	  511	 10.6	 1.28	 30.1	0.137	0.0883
 12.9	  511	 10.6	 1.35	 30.1	0.140	0.0895
 13.0	  511	 10.6	 1.18	 30.1	0.140	0.0904
 13.1	  511	 10.6	 1.31	 30.1	0.138	0.0922
 13.2	  511	 10.6	 1.22	 30.1	0.144	0.0932
 13.3	  511	 10.6	 1.28	 30.2	0.152	0.0945
 13.4	  511	 10.6	 1.31	 30.1	0.152	0.0959
 13.5	  511	 10.6	 1.18	 30.1	0.158	0.0964
 13.6	  511	 10.6	 1.31	 30.2	0.157	0.0979
 13.7	  511	 10.6	 1.22	 30.1	0.160	0.0989
 13.8	  511	 10.6	 1.12	 30.1	0.163	0.0995
 13.9	  511	 10.6	 1.38	 30.2	0.164	0.0997
 14.0	  511	 10.6	 1.38	 30.1	0.155	0.0992
 14.1	  511	 10.6	 1.35	 30.1	0.161	0.100
 14.2	  511	 10.6	 1.31	 30.1	0.168	0.102
 14.3	  511	 10.6	 1.35	 30.1	0.171	0.104
 14.4	  511	 10.6	 1.28	 30.1	0.181	0.106
 14.5	  511	 10.6	 1.25	 30.1	0.180	0.109
 14.6	  511	 10.6	 1.28	 30.1	0.191	0.113
 14.7	  511	 10.6	 1.18	 30.2	0.202	0.117
 14.8	  511	 10.6	 1.28	 30.2	0.215	0.120
 14.9	  511	 10.6	 1.31	 30.1	0.213	0.122
 15.0	  511	 10.6	 1.28	 30.1	0.219	0.124
 15.1	  511	 10.6	 1.12	 30.1	0.226	0.126
 15.2	  511	 10.6	 1.15	 30.1	0.228	0.130
 15.3	  511	 10.6	 1.25	 30.1	0.238	0.133
 15.4	  511	 10.6	 1.18	 30.1	0.250	0.136
 15.5	  511	 10.6	 1.15	 30.1	0.251	0.139
 15.6	  511	 10.6	 1.25	 30.1	0.253	0.142
 15.7	  511	 10.6	 1.28	 30.2	0.265	0.144
 15.8	  511	 10.6	 1.25	 30.1	0.267	0.147
 15.9	  511	 10.6	 1.25	 30.1	0.277	0.150
 15.9	  511	 10.6	 1.22	 30.1	0.283	0.153
 16.0	  511	 10.6	 1.28	 30.1	0.285	0.155
 16.1	  511	 10.6	 1.31	 30.1	0.290	0.156
 16.2	  511	 10.6	 1.15	 30.2	0.293	0.158
 16.3	  511	 10.6	 1.09	 30.1	0.298	0.159
 16.4	  511	 10.6	 1.28	 30.1	0.304	0.161
 16.5	  511	 10.6	 1.25	 30.2	0.308	0.165
 16.6	  511	 10.6	 1.25	 30.1	0.327	0.173
 16.7	  511	 10.6	 1.18	 30.2	0.344	0.178
 16.8	  511	 10.6	 1.31	 30.1	0.352	0.183
 16.9	  511	 10.6	 1.28	 30.1	0.361	0.189
 17.0	  511	 10.6	 1.31	 30.1	0.371	0.194
 17.1	  511	 10.6	 1.22	 30.1	0.387	0.200
 17.2	  511	 10.6	 1.35	 30.1	0.396	0.204
 17.3	  511	 10.6	 1.28	 30.2	0.401	0.207
 17.4	  511	 10.6	 1.15	 30.2	0.398	0.210
 17.5	  511	 10.6	 1.28	 30.1	0.421	0.214
 17.6	  511	 10.6	 1.25	 30.1	0.429	0.219
 17.7	  511	 10.6	 1.28	 30.1	0.436	0.223
 17.8	  511	 10.6	 1.18	 30.2	0.442	0.228
 17.9	  511	 10.6	 1.38	 30.1	0.451	0.230
 18.0	  511	 10.6	 1.31	 30.1	0.457	0.234
 18.1	  511	 10.6	 1.15	 30.1	0.463	0.238
 18.2	  511	 10.6	 1.28	 30.0	0.471	0.241
 18.3	  511	 10.6	 1.15	 30.1	0.477	0.242
 18.4	  511	 10.6	 1.18	 30.1	0.476	0.244
 18.5	  511	 10.6	 1.28	 30.1	0.496	0.251
 18.6	  511	 10.6	 1.31	 30.1	0.512	0.259
 18.7	  511	 10.6	 1.12	 30.1	0.524	0.267
 18.8	  511	 10.6	 1.22	 30.1	0.539	0.273
 18.9	  511	 10.6	 1.25	 30.1	0.551	0.278
 19.0	  511	 10.6	 1.12	 30.1	0.567	0.284
 19.1	  511	 10.6	 1.35	 30.1	0.580	0.292
 19.2	  511	 10.6	 1.31	 30.1	0.593	0.301
 19.3	  511	 10.6	 1.31	 30.1	0.615	0.311
 19.4	  511	 10.6	 1.15	 30.1	0.638	0.322
 19.5	  511	 10.6	 1.35	 30.0	0.666	0.334
 19.6	  511	 10.6	 1.31	 30.1	0.684	0.343
 19.7	  511	 10.6	 1.28	 30.1	0.689	0.348
 19.8	  511	 10.6	 1.18	 30.2	0.695	0.351
 19.9	  511	 10.6	 1.18	 30.1	0.702	0.355
 20.0	  511	 10.6	 1.18	 30.1	0.710	0.357
 20.1	  511	 10.6	 1.18	 30.1	0.711	0.358
 20.2	  511	 10.6	 1.28	 30.1	0.712	0.358
 20.3	  511	 10.6	 1.28	 30.1	0.706	0.358
 20.4	  511	 10.6	 1.12	 30.1	0.711	0.359
 20.5	  511	 10.6	 1.18	 30.1	0.728	0.364
 20.6	  511	 10.6	 1.28	 30.1	0.737	0.370
 20.7	  511	 10.6	 1.28	 30.2	0.748	0.376
 20.8	  511	 10.6	 1.22	 30.1	0.760	0.382
 20.9	  511	 10.6	 1.31	 30.2	0.770	0.386
 21.0	  511	 10.6	 1.22	 30.1	0.782	0.391
 21.1	  511	 10.6	 1.28	 30.1	0.787	0.395
 21.2	  511	 10.6	 1.28	 30.1	0.794	0.399
 21.3	  511	 10.6	 1.31	 30.1	0.806	0.405
 21.4	  511	 10.6	 1.09	 30.1	0.817	0.410
 21.5	  511	 10.6	 1.15	 30.1	0.827	0.415
 21.6	  511	 10.6	 1.12	 30.1	0.840	0.422
 21.7	  511	 10.6	 1.25	 30.1	0.856	0.430
 21.8	  511	 10.6	 1.25	 30.1	0.870	0.437
 21.9	  511	 10.6	 1.12	 30.1	0.886	0.443
 22.0	  511	 10.6	 1.18	 30.1	0.895	0.449
 22.1	  511	 10.6	 1.28	 30.1	0.910	0.457
 22.2	  511	 10.6	 1.15	 30.1	0.927	0.466
 22.3	  511	 10.6	 1.31	 30.1	0.943	0.474
 22.4	  511	 10.6	 1.28	 30.1	0.959	0.480
 22.5	  511	 10.6	 1.28	 30.2	0.972	0.488
 22.6	  511	 10.6	 1.28	 30.1	0.998	0.498
 22.7	  511	 10.6	 1.25	 30.1	 1.01	0.506
 22.8	  511	 10.6	 1.31	 30.1	 1.03	0.512
 22.9	  511	 10.6	 1.09	 30.1	 1.04	0.519
 23.0	  511	 10.6	 1.35	 30.1	 1.05	0.526
 23.1	  511	 10.6	 1.22	 30.1	 1.07	0.538
 23.2	  511	 10.6	 1.18	 30.2	 1.10	0.550
 23.3	  511	 10.6	 1.28	 30.1	 1.13	0.564
 23.4	  511	 10.6	 1.18	 30.1	 1.15	0.575
 23.5	  511	 10.6	 1.25	 30.2	 1.17	0.584
 23.6	  511	 10.6	 1.15	 30.1	 1.20	0.597
 23.7	  511	 10.6	 1.12	 30.1	 1.22	0.609
 23.8	  511	 10.6	 1.28	 30.2	 1.24	0.623
 23.9	  511	 10.6	 1.15	 30.1	 1.29	0.639
 24.0	  511	 10.6	 1.31	 30.1	 1.31	0.656
 24.1	  511	 10.6	 1.18	 30.1	 1.34	0.671
 24.2	  511	 10.6	 1.18	 30.1	 1.37	0.687
 24.3	  511	 10.6	 1.12	 30.1	 1.41	0.704
 24.4	  511	 10.6	 1.25	 30.1	 1.45	0.720
 24.5	  511	 10.6	 1.22	 30.1	 1.47	0.734
 24.6	  511	 10.6	 1.28	 30.1	 1.51	0.750
 24.7	  511	 10.6	 1.28	 30.2	 1.53	0.762
 24.8	  511	 10.6	 1.09	 30.1	 1.55	0.771
 24.9	  511	 10.6	 1.31	 30.1	 1.56	0.778
 25.0	  511	 10.6	 1.12	 30.2	 1.59	0.788
 25.1	  511	 10.6	 1.15	 30.1	 1.60	0.796
 25.2	  511	 10.6	 1.12	 30.1	 1.63	0.807
 25.3	  511	 10.6	 1.31	 30.1	 1.64	0.814
 25.4	  511	 10.6	 1.25	 30.2	 1.66	0.821
 25.5	  511	 10.6	 1.22	 30.1	 1.67	0.827
 25.6	  511	 10.6	 1.31	 30.2	 1.69	0.836
 25.7	  511	 10.6	 1.35	 30.1	 1.71	0.845
 25.8	  511	 10.6	 1.35	 30.2	 1.73	0.857
 25.9	  511	 10.6	 1.28	 30.1	 1.76	0.871
 26.0	  511	 10.6	 1.18	 30.1	 1.78	0.879
 26.1	  511	 10.6	 1.31	 30.1	 1.80	0.889
 26.2	  511	 10.6	 1.18	 30.1	 1.83	0.900
 26.3	  511	 10.6	 1.18	 30.1	 1.85	0.911
 26.4	  511	 10.6	 1.38	 30.1	 1.87	0.922
 26.5	  511	 10.6	 1.31	 30.1	 1.90	0.933
 26.5	  511	 10.6	 1.31	 30.1	 1.91	0.942
 26.6	  510	 10.6	 1.25	 30.1	 1.93	0.948
 26.7	  511	 10.6	 1.22	 30.1	 1.95	0.961
 26.8	  511	 10.6	 1.28	 30.2	 1.99	0.977
 26.9	  511	 10.6	 1.25	 30.1	 2.02	0.991
 27.0	  510	 10.6	 1.28	 30.2	 2.06	 1.00
 27.1	  511	 10.6	 1.12	 30.1	 2.09	 1.02
 27.2	  510	 10.6	 1.22	 30.1	 2.11	 1.03
 27.3	  510	 10.6	 1.31	 30.2	 2.12	 1.04
 27.4	  511	 10.6	 1.31	 30.1	 2.14	 1.04
 27.5	  511	 10.6	 1.28	 30.1	 2.16	 1.05
 27.6	  510	 10.6	 1.31	 30.2	 2.19	 1.06
 27.7	  510	 10.6	 1.05	 30.1	 2.22	 1.08
 27.8	  510	 10.6	 1.15	 30.1	 2.24	 1.09
 27.9	  510	 10.6	 1.31	 30.2	 2.26	 1.10
 28.0	  510	 10.6	 1.28	 30.1	 2.28	 1.11
 28.1	  510	 10.6	 1.25	 30.1	 2.31	 1.12
 28.2	  510	 10.6	 1.28	 30.1	 2.34	 1.13
 28.3	  510	 10.6	 1.22	 30.1	 2.37	 1.14
 28.4	  510	 10.6	 1.31	 30.1	 2.40	 1.15
 28.5	  510	 10.6	 1.28	 30.1	 2.41	 1.16
 28.6	  510	 10.6	 1.35	 30.2	 2.42	 1.16
 28.7	  510	 10.6	 1.35	 30.1	 2.42	 1.16
 28.8	  510	 10.6	 1.22	 30.1	 2.42	 1.17
 28.9	  510	 10.6	 1.25	 30.1	 2.42	 1.17
 29.0	  510	 10.6	 1.22	 30.1	 2.44	 1.17
 29.1	  510	 10.6	 1.35	 30.2	 2.49	 1.19
 29.2	  510	 10.6	 1.31	 30.2	 2.58	 1.23
 29.3	  510	 10.6	 1.28	 30.1	 2.67	 1.27
 29.4	  510	 10.6	 1.28	 30.2	 2.73	 1.29
 29.5	  510	 10.6	 1.25	 30.1	 2.78	 1.31
 29.6	  510	 10.6	 1.28	 30.1	 2.81	 1.32
 29.7	  510	 10.6	 1.15	 30.1	 2.83	 1.33
 29.8	  510	 10.6	 1.22	 30.1	 2.83	 1.33
 29.9	  510	 10.6	 1.28	 30.1	 2.83	 1.33
 30.0	  510	 10.6	 1.18	 30.2	 2.84	 1.33
 30.1	  510	 10.6	 1.18	 30.1	 2.84	 1.33
 30.2	  510	 10.6	 1.18	 30.1	 2.87	 1.34
 30.3	  510	 10.6	 1.35	 30.1	 2.88	 1.35
 30.4	  510	 10.6	 1.31	 30.1	 2.92	 1.36
 30.5	  510	 10.6	 1.31	 30.1	 2.96	 1.37
 30.6	  510	 10.6	 1.15	 30.1	 3.00	 1.39
 30.7	  510	 10.6	 1.35	 30.1	 3.04	 1.40
 30.8	  510	 10.6	 1.25	 30.1	 3.04	 1.41
 30.9	  510	 10.6	 1.18	 30.1	 3.05	 1.41
 31.0	  510	 10.6	 1.22	 30.1	 3.07	 1.41
 31.1	  510	 10.6	 1.31	 30.1	 3.08	 1.42
 31.2	  510	 10.6	 1.25	 30.1	 3.09	 1.42
 31.3	  510	 10.6	 1.25	 30.1	 3.11	 1.43
 31.4	  510	 10.6	 1.15	 30.1	 3.12	 1.43
 31.5	  510	 10.6	 1.18	 30.1	 3.12	 1.43
 31.6	  510	 10.6	 1.22	 30.1	 3.14	 1.44
 31.7	  510	 10.6	 1.25	 30.1	 3.15	 1.44
 31.8	  510	 10.6	 1.18	 30.1	 3.17	 1.45
 31.9	  510	 10.6	 1.18	 30.2	 3.19	 1.45
 32.0	  509	 10.6	 1.31	 30.1	 3.21	 1.46
 32.1	  509	 10.6	 1.35	 30.1	 3.21	 1.46
 32.2	  509	 10.6	 1.31	 30.1	 3.22	 1.46
 32.3	  509	 10.6	 1.25	 30.2	 3.22	 1.47
 32.4	  509	 10.6	 1.22	 30.1	 3.22	 1.47
 32.5	  509	 10.6	 1.18	 30.1	 3.24	 1.47
 32.6	  509	 10.6	 1.15	 30.1	 3.24	 1.47
 32.7	  509	 10.6	 1.25	 30.1	 3.25	 1.47
 32.8	  509	 10.6	 1.18	 30.2	 3.24	 1.47
 32.9	  509	 10.6	 1.15	 30.2	 3.25	 1.47
 33.0	  509	 10.6	 1.38	 30.1	 3.26	 1.48
 33.1	  509	 10.6	 1.38	 30.1	 3.28	 1.48
 33.2	  509	 10.6	 1.31	 30.1	 3.29	 1.49
 33.3	  509	 10.6	 1.15	 30.1	 3.30	 1.49
 33.4	  509	 10.6	 1.28	 30.1	 3.31	 1.49
 33.5	  509	 10.6	 1.18	 30.1	 3.31	 1.49
 33.6	  509	 10.6	 1.18	 30.1	 3.31	 1.49
 33.7	  509	 10.6	 1.22	 30.2	 3.31	 1.49
 33.8	  509	 10.6	 1.18	 30.2	 3.31	 1.49
 33.9	  509	 10.6	 1.25	 30.1	 3.31	 1.49
 34.0	  509	 10.6	 1.25	 30.1	 3.31	 1.49
 34.1	  509	 10.6	 1.25	 30.1	 3.31	 1.49
 34.2	  510	 10.6	 1.31	 30.1	 3.31	 1.49
 34.3	  509	 10.6	 1.28	 30.1	 3.32	 1.49
 34.4	  509	 10.6	 1.31	 30.1	 3.32	 1.49
 34.5	  509	 10.6	 1.25	 30.2	 3.32	 1.49
 34.6	  509	 10.6	 1.15	 30.1	 3.31	 1.49
 34.7	  509	 10.6	 1.28	 30.1	 3.32	 1.49
 34.8	  509	 10.6	 1.18	 30.1	 3.31	 1.49
 34.9	  509	 10.6	 1.31	 30.1	 3.32	 1.49
 35.0	  509	 10.6	 1.22	 30.1	 3.32	 1.49
 35.1	  509	 10.6	 1.18	 30.2	 3.32	 1.49
 35.2	  509	 10.6	 1.15	 30.1	 3.32	 1.49
 35.3	  509	 10.6	 1.31	 30.1	 3.32	 1.49
 35.4	  509	 10.6	 1.25	 30.1	 3.32	 1.49
 35.5	  509	 10.6	 1.31	 30.1	 3.31	 1.49
 35.6	  509	 10.6	 1.18	 30.1	 3.31	 1.49
 35.7	  509	 10.6	 1.28	 30.2	 3.30	 1.49
 35.8	  509	 10.6	 1.15	 30.1	 3.30	 1.49
 35.9	  509	 10.6	 1.28	 30.2	 3.29	 1.49
 36.0	  509	 10.6	 1.31	 30.1	 3.27	 1.48
 36.1	  509	 10.6	 1.18	 30.1	 3.26	 1.48
 36.2	  509	 10.6	 1.22	 30.1	 3.25	 1.48
 36.3	  509	 10.6	 1.38	 30.1	 3.24	 1.48
 36.4	  509	 10.6	 1.15	 30.1	 3.24	 1.48
 36.5	  509	 10.6	 1.31	 30.1	 3.22	 1.47
 36.6	  509	 10.6	 1.38	 30.1	 3.22	 1.47
 36.7	  509	 10.6	 1.35	 30.1	 3.21	 1.47
 36.8	  509	 10.6	 1.31	 30.1	 3.20	 1.47
 36.9	  510	 10.6	 1.28	 30.1	 3.19	 1.47
 37.0	  510	 10.6	 1.31	 30.1	 3.18	 1.46
 37.1	  510	 10.6	 1.31	 30.1	 3.17	 1.46
 37.1	  510	 10.6	 1.28	 30.2	 3.16	 1.46
 37.2	  510	 10.6	 1.09	 30.2	 3.15	 1.45
 37.3	  510	 10.6	 1.25	 30.2	 3.15	 1.45
 37.4	  510	 10.6	 1.31	 30.1	 3.13	 1.45
 37.5	  510	 10.6	 1.25	 30.1	 3.12	 1.45
 37.6	  510	 10.6	 1.28	 30.1	 3.12	 1.45
 37.7	  510	 10.6	 1.25	 30.1	 3.11	 1.45
 37.8	  510	 10.6	 1.22	 30.1	 3.10	 1.44
 37.9	  510	 10.6	 1.35	 30.1	 3.09	 1.44
 38.0	  510	 10.6	 1.25	 30.1	 3.05	 1.43
 38.1	  510	 10.6	 1.22	 30.1	 3.00	 1.41
 38.2	  510	 10.6	 1.31	 30.1	 2.92	 1.39
 38.3	  510	 10.6	 1.22	 30.1	 2.85	 1.37
 38.4	  510	 10.6	 1.28	 30.1	 2.81	 1.35
 38.5	  510	 10.6	 1.15	 30.1	 2.77	 1.34
 38.6	  510	 10.6	 1.28	 30.1	 2.74	 1.33
 38.7	  510	 10.6	 1.35	 30.1	 2.71	 1.32
 38.8	  510	 10.6	 1.35	 30.1	 2.68	 1.31
 38.9	  510	 10.6	 1.28	 30.2	 2.64	 1.29
 39.0	  510	 10.6	 1.12	 30.2	 2.61	 1.28
 39.1	  510	 10.6	 1.18	 30.2	 2.57	 1.27
 39.2	  510	 10.6	 1.28	 30.1	 2.55	 1.26
 39.3	  510	 10.6	 1.18	 30.1	 2.54	 1.25
 39.4	  510	 10.6	 1.28	 30.1	 2.49	 1.24
 39.5	  510	 10.6	 1.31	 30.2	 2.43	 1.21
 39.6	  510	 10.6	 1.28	 30.1	 2.38	 1.19
 39.7	  510	 10.6	 1.15	 30.1	 2.32	 1.17
 39.8	  510	 10.6	 1.31	 30.1	 2.27	 1.14
 39.9	  510	 10.6	 1.35	 30.1	 2.22	 1.12
 40.0	  510	 10.6	 1.38	 30.2	 2.16	 1.10
 40.1	  510	 10.6	 1.18	 30.1	 2.11	 1.07
 40.2	  510	 10.6	 1.28	 30.2	 2.04	 1.05
 40.3	  510	 10.6	 1.12	 30.1	 1.98	 1.02
 40.4	  510	 10.6	 1.31	 30.1	 1.92	0.989
 40.5	  510	 10.6	 1.31	 30.1	 1.88	0.967
 40.6	  510	 10.6	 1.15	 30.2	 1.83	0.945
 40.7	  510	 10.6	 1.35	 30.2	 1.79	0.927
 40.8	  510	 10.6	 1.31	 30.1	 1.77	0.917
 40.9	  510	 10.6	 1.22	 30.1	 1.74	0.904
 41.0	  510	 10.6	 1.22	 30.1	 1.71	0.888
 41.1	  510	 10.6	 1.22	 30.1	 1.68	0.876
 41.2	  510	 10.6	 1.31	 30.1	 1.65	0.861
 41.3	  511	 10.6	 1.15	 30.1	 1.59	0.836
 41.4	  511	 10.6	 1.25	 30.1	 1.54	0.810
 41.5	  511	 10.6	 1.15	 30.2	 1.49	0.785
 41.6	  511	 10.6	 1.28	 30.1	 1.45	0.764
 41.7	  511	 10.6	 1.18	 30.1	 1.41	0.746
 41.8	  511	 10.6	 1.18	 30.1	 1.38	0.730
 41.9	  511	 10.6	 1.31	 30.1	 1.34	0.710
 42.0	  511	 10.6	 1.35	 30.1	 1.28	0.685
 42.1	  511	 10.6	 1.31	 30.1	 1.23	0.660
 42.2	  511	 10.6	 1.15	 30.1	 1.18	0.633
 42.3	  511	 10.6	 1.22	 30.1	 1.14	0.609
 42.4	  511	 10.6	 1.31	 30.1	 1.09	0.585
 42.5	  511	 10.6	 1.28	 30.2	 1.05	0.565
 42.6	  511	 10.6	 1.31	 30.2	 1.01	0.548
 42.7	  511	 10.6	 1.15	 30.1	0.980	0.532
 42.8	  511	 10.6	 1.35	 30.2	0.954	0.520
 42.9	  511	 10.6	 1.31	 30.2	0.937	0.507
 43.0	  511	 10.6	 1.35	 30.1	0.912	0.496
 43.1	  511	 10.6	 1.12	 30.1	0.881	0.482
 43.2	  511	 10.6	 1.18	 30.1	0.843	0.468
 43.3	  511	 10.6	 1.22	 30.1	0.828	0.454
 43.4	  511	 10.6	 1.18	 30.1	0.793	0.438
 43.5	  511	 10.6	 1.28	 30.1	0.760	0.423
 43.6	  511	 10.6	 1.25	 30.1	0.740	0.410
 43.7	  511	 10.6	 1.25	 30.1	0.700	0.393
 43.8	  511	 10.6	 1.31	 30.2	0.668	0.374
 43.9	  511	 10.6	 1.22	 30.1	0.631	0.355
 44.0	  511	 10.6	 1.25	 30.2	0.589	0.335
 44.1	  511	 10.6	 1.35	 30.1	0.548	0.313
 44.2	  511	 10.6	 1.22	 30.1	0.503	0.291
 44.3	  511	 10.6	 1.25	 30.1	0.460	0.269
 44.4	  511	 10.6	 1.25	 30.1	0.424	0.249
 44.5	  511	 10.6	 1.31	 30.2	0.392	0.232
 44.6	  511	 10.6	 1.28	 30.1	0.352	0.216
 44.7	  511	 10.6	 1.28	 30.1	0.330	0.202
 44.8	  511	 10.6	 1.15	 30.1	0.311	0.192
 44.9	  511	 10.6	 1.38	 30.1	0.300	0.186
 45.0	  511	 10.6	 1.31	 30.1	0.285	0.180
 45.1	  511	 10.6	 1.25	 30.2	0.276	0.173
 45.2	  511	 10.6	 1.15	 30.1	0.265	0.167
 45.3	  511	 10.6	 1.25	 30.1	0.250	0.161
 45.4	  511	 10.6	 1.18	 30.1	0.230	0.154
 45.5	  511	 10.6	 1.12	 30.1	0.222	0.148
 45.6	  511	 10.6	 1.15	 30.1	0.206	0.139
 45.7	  511	 10.6	 1.22	 30.1	0.185	0.130
 45.8	  511	 10.6	 1.31	 30.1	0.161	0.119
 45.9	  511	 10.6	 1.18	 30.1	0.144	0.108
 46.0	  511	 10.6	 1.15	 30.1	0.118	0.0966
 46.1	  511	 10.6	 1.18	 30.1	0.103	0.0861
 46.2	  511	 10.6	 1.22	 30.2	0.0816	0.0771
 46.3	  511	 10.6	 1.31	 30.2	0.0660	0.0695
 46.4	  511	 10.6	 1.25	 30.1	0.0586	0.0640
 46.5	  511	 10.6	 1.22	 30.1	0.0462	0.0601
 46.6	  511	 10.6	 1.31	 30.1	0.0364	0.0580
 46.7	  511	 10.6	 1.18	 30.1	0.0388	0.0559
 46.8	  511	 10.6	 1.31	 30.2	0.0358	0.0530
 46.9	  511	 10.6	 1.12	 30.1	0.0255	0.0492
 47.0	  511	 10.6	 1.28	 30.2	0.0258	0.0466
 47.1	  511	 10.6	 1.25	 30.1	0.0105	0.0431
 47.2	  511	 10.6	 1.18	 30.2	0.00691	0.0408
 47.3	  511	 10.6	 1.22	 30.1	0.0107	0.0396
 47.4	  511	 10.6	 1.28	 30.1	0.00248	0.0392
 47.5	  511	 10.6	 1.35	 30.1	0.00661	0.0387
 47.6	  511	 10.6	 1.25	 30.1	0.00927	0.0387
 47.7	  511	 10.6	 1.15	 30.1	0.00720	0.0380
 47.7	  511	 10.6	 1.28	 30.1	0.00543	0.0379
 47.8	  511	 10.6	 1.22	 30.2	0.00573	0.0385
 47.9	  511	 10.6	 1.31	 30.1	0.00277	0.0380
 48.0	  511	 10.6	 1.35	 30.2	0.00779	0.0380
 48.1	  511	 10.6	 1.25	 30.2	0.00573	0.0380
 48.2	  511	 10.6	 1.31	 30.2	0.0116	0.0380
 48.3	  511	 10.6	 1.18	 30.1	0.00868	0.0379
 48.4	  511	 10.6	 1.28	 30.1	0.00484	0.0384
 48.5	  511	 10.6	 1.31	 30.1	0.00809	0.0382
 48.6	  511	 10.6	 1.28	 30.1	0.00838	0.0379
 48.7	  511	 10.6	 1.25	 30.1	0.00750	0.0380
 48.8	  511	 10.6	 1.31	 30.1	0.00779	0.0380
 48.9	  511	 10.6	 1.15	 30.1	0.0134	0.0382
 49.0	  511	 10.6	 1.22	 30.2	0.00159	0.0384
 49.1	  511	 10.6	 1.41	 30.1	0.00573	0.0382
 49.2	  511	 10.6	 1.12	 30.1	0.0158	0.0382
 49.3	  511	 10.6	 1.25	 30.1	0.00100	0.0382
 49.4	  511	 10.6	 1.31	 30.2	0.00454	0.0382
 49.5	  511	 10.6	 1.35	 30.2	0.0110	0.0382
 49.6	  511	 10.6	 1.25	 30.1	0.00543	0.0380
 49.7	  512	 10.6	 1.28	 30.1	0.00366	0.0380
 49.8	  512	 10.6	 1.35	 30.1	0.00514	0.0380
 49.9	  511	 10.6	 1.09	 30.1	0.00454	0.0380
 50.0	  511	 10.6	 1.25	 30.1	0.00868	0.0380
 50.1	  511	 10.6	 1.35	 30.1	0.00366	0.0380
 50.2	  511	 10.6	 1.18	 30.1	0.00779	0.0382
 50.3	  511	 10.6	 1.28	 30.1	0.00543	0.0380
 50.4	  511	 10.6	 1.18	 30.1	0.00897	0.0380
 50.5	  511	 10.6	 1.18	 30.1	0.0140	0.0382
 50.6	  511	 10.6	 1.28	 30.1	0.00514	0.0380
 50.7	  511	 10.6	 1.22	 30.1	0.00573	0.0380
 50.8	  511	 10.6	 1.18	 30.1	0.00720	0.0379
 50.9	  511	 10.6	 1.35	 30.1	0.00868	0.0380
 51.0	  511	 10.6	 1.25	 30.1	0.00454	0.0382
 51.1	  511	 10.6	 1.15	 30.1	0.000411	0.0380
 51.2	  511	 10.6	 1.22	 30.1	-0.000475	0.0382
 51.3	  511	 10.6	 1.28	 30.1	0.00956	0.0382
 51.4	  511	 10.6	 1.22	 30.1	0.00159	0.0384
 51.5	  511	 10.6	 1.25	 30.1	0.00897	0.0380
 51.6	  511	 10.6	 1.25	 30.1	0.00277	0.0382
 51.7	  511	 10.6	 1.15	 30.1	0.00750	0.0379
 51.8	  511	 10.6	 1.25	 30.1	0.00632	0.0380
 51.9	  511	 10.6	 1.25	 30.1	0.00956	0.0384
 52.0	  511	 10.6	 1.18	 30.2	0.00750	0.0382
 52.1	  511	 10.6	 1.28	 30.2	0.00868	0.0380
 52.2	  511	 10.6	 1.25	 30.1	0.00573	0.0382
 52.3	  511	 10.6	 1.28	 30.1	0.000116	0.0379
 52.4	  511	 10.6	 1.31	 30.2	0.00602	0.0382
 52.5	  511	 10.6	 1.12	 30.1	0.00573	0.0380
 52.6	  511	 10.6	 1.12	 30.1	0.00573	0.0380
 52.7	  511	 10.6	 1.31	 30.1	0.00661	0.0382
 52.8	  511	 10.6	 1.15	 30.1	0.00897	0.0384
 52.9	  511	 10.6	 1.18	 30.1	0.00691	0.0382
 53.0	  511	 10.6	 1.18	 30.2	0.00750	0.0379
 53.1	  511	 10.6	 1.25	 30.2	0.00720	0.0380
 53.2	  511	 10.6	 1.28	 30.1	0.00248	0.0380
 53.3	  511	 10.6	 1.25	 30.1	0.00395	0.0380
 53.4	  511	 10.6	 1.18	 30.1	0.00868	0.0380
 53.5	  511	 10.6	 1.22	 30.1	0.00425	0.0379
 53.6	  511	 10.6	 1.12	 30.1	0.00691	0.0380
 53.7	  511	 10.6	 1.18	 30.2	0.00661	0.0380
 53.8	  512	 10.6	 1.22	 30.1	0.00425	0.0382
 53.9	  512	 10.6	 1.25	 30.1	0.00514	0.0380
 54.0	  512	 10.6	 1.18	 30.1	0.0107	0.0379
 54.1	  512	 10.6	 1.31	 30.1	0.00454	0.0382
 54.2	  512	 10.6	 1.12	 30.1	0.00691	0.0382
 54.3	  512	 10.6	 1.31	 30.1	0.00366	0.0380
 54.4	  512	 10.6	 1.38	 30.1	0.00425	0.0379
 54.5	  512	 10.6	 1.25	 30.1	0.00720	0.0380
 54.6	  512	 10.6	 1.18	 30.1	0.00159	0.0380
 54.7	  512	 10.6	 1.15	 30.1	0.00159	0.0382
 54.8	  512	 10.6	 1.22	 30.2	0.00838	0.0380
 54.9	  512	 10.6	 1.22	 30.1	0.00130	0.0380
 55.0	  512	 10.6	 1.31	 30.2	0.00750	0.0379
 55.1	  512	 10.6	 1.15	 30.2	0.00514	0.0380
 55.2	  512	 10.6	 1.35	 30.2	0.00661	0.0380
 55.3	  512	 10.6	 1.28	 30.2	0.00454	0.0380
 55.4	  512	 10.6	 1.12	 30.1	0.00573	0.0380
 55.5	  512	 10.6	 1.28	 30.2	0.00573	0.0382
 55.6	  512	 10.6	 1.12	 30.1	0.00366	0.0380
 55.7	  512	 10.6	 1.22	 30.1	0.00336	0.0379
 55.8	  512	 10.6	 1.12	 30.1	0.00425	0.0382
 55.9	  512	 10.6	 1.12	 30.1	0.00484	0.0380
 56.0	  512	 10.6	 1.25	 30.2	0.0105	0.0380
 56.1	  512	 10.6	 1.31	 30.1	0.00484	0.0380
 56.2	  512	 10.6	 1.28	 30.1	0.000116	0.0380
 56.3	  512	 10.6	 1.35	 30.2	0.00277	0.0380
 56.4	  512	 10.6	 1.22	 30.1	0.00484	0.0384
 56.5	  512	 10.6	 1.18	 30.1	0.00986	0.0377
 56.6	  512	 10.6	 1.25	 30.1	0.00336	0.0380
 56.7	  512	 10.6	 1.31	 30.1	0.00750	0.0380
 56.8	  512	 10.6	 1.25	 30.1	0.00159	0.0380
 56.9	  512	 10.6	 1.18	 30.1	0.00484	0.0380
 57.0	  512	 10.6	 1.25	 30.1	0.00543	0.0382
 57.1	  512	 10.6	 1.28	 30.1	0.00543	0.0380
 57.2	  512	 10.6	 1.35	 30.1	0.0105	0.0380
 57.3	  512	 10.6	 1.25	 30.1	0.00691	0.0377
 57.4	  512	 10.6	 1.28	 30.2	0.00484	0.0382
 57.5	  512	 10.6	 1.22	 30.1	0.00543	0.0380
 57.6	  512	 10.6	 1.18	 30.1	0.00514	0.0382
 57.7	  512	 10.6	 1.31	 30.1	0.00543	0.0382
 57.8	  512	 10.6	 1.22	 30.1	0.00514	0.0380
 57.9	  512	 10.6	 1.31	 30.1	0.00750	0.0382
 58.0	  512	 10.6	 1.22	 30.1	0.00632	0.0379
 58.1	  512	 10.6	 1.38	 30.1	0.00809	0.0382
 58.2	  512	 10.6	 1.15	 30.1	0.0113	0.0382
 58.3	  512	 10.6	 1.18	 30.1	0.00661	0.0380
 58.3	  512	 10.6	 1.12	 30.1	0.00691	0.0380
 58.4	  512	 10.6	 1.12	 30.1	0.00632	0.0380
 58.5	  512	 10.6	 1.31	 30.0	0.00454	0.0380
 58.6	  512	 10.6	 1.15	 30.1	0.00897	0.0384
 58.7	  512	 10.6	 1.15	 30.1	0.00691	0.0380
 58.8	  512	 10.6	 1.22	 30.1	0.00750	0.0384
 58.9	  512	 10.6	 1.38	 30.2	0.00395	0.0382
 59.0	  512	 10.6	 1.15	 30.2	0.00218	0.0380
 59.1	  512	 10.6	 1.35	 30.1	0.00632	0.0380
 59.2	  512	 10.6	 1.22	 30.1	0.00602	0.0379
 59.3	  512	 10.6	 1.22	 30.1	0.00809	0.0379
 59.4	  512	 10.6	 1.31	 30.1	0.00779	0.0380
 59.5	  512	 10.6	 1.35	 30.1	0.00720	0.0384
 59.6	  512	 10.6	 1.18	 30.1	0.00425	0.0380
 59.7	  512	 10.6	 1.25	 30.1	0.00395	0.0380
 59.8	  512	 10.6	 1.22	 30.1	0.00484	0.0379
 59.9	  512	 10.6	 1.18	 30.1	0.00809	0.0379
 60.0	  512	 10.6	 1.31	 30.1	0.00956	0.0380
 60.1	  512	 10.6	 1.25	 30.1	0.00277	0.0380
 60.2	  512	 10.6	 1.28	 30.1	0.00691	0.0380
 60.3	  512	 10.6	 1.25	 30.1	0.00602	0.0382
 60.4	  512	 10.6	 1.31	 30.1	0.00543	0.0380
 60.5	  512	 10.6	 1.22	 30.1	0.00838	0.0382
 60.6	  512	 10.6	 1.15	 30.1	0.00277	0.0380
 60.7	  512	 10.6	 1.22	 30.1	0.00543	0.0377
 60.8	  512	 10.6	 1.15	 30.1	0.0107	0.0380
 60.9	  512	 10.6	 1.38	 30.1	0.00632	0.0379
 61.0	  512	 10.6	 1.31	 30.1	0.00691	0.0382
 61.1	  512	 10.6	 1.25	 30.1	0.00602	0.0380
 61.2	  512	 10.6	 1.31	 30.1	0.00543	0.0380
 61.3	  512	 10.6	 1.15	 30.2	0.00514	0.0380
 61.4	  511	 10.6	 1.31	 30.1	0.00366	0.0379
 61.5	  512	 10.6	 1.31	 30.1	0.00277	0.0380
 61.6	  512	 10.6	 1.22	 30.1	0.00307	0.0382
 61.7	  512	 10.6	 1.31	 30.1	0.00720	0.0384
 61.8	  512	 10.6	 1.09	 30.1	0.00602	0.0380
 61.9	  512	 10.6	 1.12	 30.1	0.00454	0.0380
 62.0	  511	 10.6	 1.28	 30.1	0.00366	0.0380
 62.1	  512	 10.6	 1.22	 30.1	0.00336	0.0380
 62.2	  512	 10.6	 1.15	 30.1	0.00573	0.0379
 62.3	  512	 10.6	 1.18	 30.1	0.00484	0.0382
 62.4	  511	 10.6	 1.18	 30.1	0.00454	0.0379
 62.5	  511	 10.6	 1.28	 30.2	0.00366	0.0380
 62.6	  512	 10.6	 1.15	 30.1	0.00395	0.0380
 62.7	  511	 10.6	 1.28	 30.1	0.00602	0.0380
 62.8	  511	 10.6	 1.35	 30.1	0.00189	0.0382
 62.9	  511	 10.6	 1.31	 30.1	0.00543	0.0380
 63.0	  511	 10.6	 1.18	 30.1	0.00632	0.0382
 63.1	  512	 10.6	 1.28	 30.1	0.00897	0.0380
 63.2	  511	 10.6	 1.22	 30.1	0.00573	0.0380
 63.3	  512	 10.6	 1.12	 30.1	-0.00166	0.0380
 63.4	  511	 10.6	 1.28	 30.1	0.00307	0.0380
 63.5	  511	 10.6	 1.18	 30.1	0.00691	0.0379
 63.6	  512	 10.6	 1.31	 30.1	-0.00254	0.0379
 63.7	  512	 10.6	 1.28	 30.1	0.00336	0.0380
 63.8	  512	 10.6	 1.31	 30.1	0.00661	0.0380
 63.9	  511	 10.6	 1.15	 30.1	-0.00225	0.0379
 64.0	  511	 10.6	 1.25	 30.1	0.00868	0.0384
 64.1	  511	 10.6	 1.22	 30.2	0.00189	0.0382
 64.2	  512	 10.6	 1.22	 30.1	0.00602	0.0382
 64.3	  511	 10.6	 1.22	 30.1	0.00514	0.0382
 64.4	  512	 10.6	 1.25	 30.1	0.00602	0.0379
 64.5	  511	 10.6	 1.18	 30.1	0.00425	0.0379
 64.6	  511	 10.6	 1.12	 30.1	0.00395	0.0377
 64.7	  511	 10.6	 1.15	 30.1	0.00897	0.0380
 64.8	  512	 10.6	 1.22	 30.1	0.00779	0.0380
