Time	Temp	SampVolt	HallVolt	SampCurr	MagCurr	MagField		
 0.00	 24.0	 1.29	 14.4	 29.8	0.00927	0.0289
0.100	 24.0	 1.29	 14.4	 29.9	0.00454	0.0288
0.200	 23.9	 1.29	 14.6	 29.8	0.00543	0.0288
0.300	 23.9	 1.29	 14.5	 29.8	0.00543	0.0289
0.400	 24.0	 1.29	 14.4	 29.9	0.00720	0.0288
0.500	 24.0	 1.29	 14.7	 29.8	0.00218	0.0291
0.600	 23.9	 1.29	 14.5	 29.9	0.00395	0.0289
0.700	 23.9	 1.29	 14.4	 29.9	0.00454	0.0289
0.800	 23.9	 1.29	 14.7	 29.8	0.00838	0.0288
0.900	 23.9	 1.29	 14.4	 29.8	0.00484	0.0291
 1.00	 24.0	 1.29	 14.3	 29.8	0.00248	0.0286
 1.10	 24.0	 1.29	 14.5	 29.9	0.00838	0.0288
 1.20	 24.0	 1.29	 14.3	 29.9	0.00602	0.0288
 1.30	 24.0	 1.29	 14.3	 29.9	0.0107	0.0288
 1.40	 24.0	 1.29	 14.4	 29.8	0.000116	0.0289
 1.50	 24.0	 1.29	 14.4	 29.8	0.00602	0.0291
 1.60	 24.0	 1.29	 14.7	 29.8	0.00307	0.0288
 1.70	 24.0	 1.29	 14.3	 29.8	0.00218	0.0289
 1.80	 24.0	 1.29	 14.3	 29.9	0.00425	0.0288
 1.90	 23.9	 1.29	 14.5	 29.8	0.00897	0.0289
 2.00	 24.0	 1.29	 14.4	 29.9	0.00927	0.0288
 2.10	 24.0	 1.29	 14.6	 29.8	0.00661	0.0289
 2.20	 23.9	 1.29	 14.3	 29.8	0.00750	0.0289
 2.30	 23.9	 1.29	 14.7	 29.8	0.00159	0.0289
 2.40	 23.9	 1.29	 14.6	 29.8	0.00425	0.0286
 2.50	 24.0	 1.29	 14.5	 29.8	0.00602	0.0289
 2.60	 23.9	 1.29	 14.7	 29.8	0.00750	0.0289
 2.70	 23.9	 1.29	 14.6	 29.8	0.00484	0.0288
 2.80	 24.0	 1.29	 14.7	 29.9	0.000411	0.0289
 2.90	 23.9	 1.29	 14.4	 29.9	0.00277	0.0288
 3.00	 24.0	 1.29	 14.5	 29.8	0.00543	0.0291
 3.10	 24.0	 1.29	 14.5	 29.9	0.0125	0.0293
 3.20	 24.0	 1.29	 14.3	 29.8	0.00543	0.0289
 3.30	 23.9	 1.29	 14.6	 29.8	0.00661	0.0288
 3.40	 24.0	 1.29	 14.7	 29.8	0.00277	0.0288
 3.50	 24.0	 1.29	 14.7	 29.8	0.00897	0.0291
 3.60	 23.9	 1.29	 14.5	 29.8	0.000116	0.0291
 3.70	 24.0	 1.29	 14.4	 29.8	0.00838	0.0289
 3.80	 24.0	 1.29	 14.6	 29.8	0.00750	0.0289
 3.90	 24.0	 1.29	 14.5	 29.9	0.0110	0.0288
 4.00	 24.0	 1.29	 14.5	 29.9	0.00691	0.0291
 4.10	 24.0	 1.29	 14.7	 29.9	0.0128	0.0288
 4.20	 23.9	 1.29	 14.7	 29.8	0.00543	0.0289
 4.30	 23.9	 1.29	 14.4	 29.9	0.00691	0.0291
 4.40	 24.0	 1.29	 14.5	 29.9	0.00543	0.0289
 4.50	 24.0	 1.29	 14.4	 29.8	0.00838	0.0291
 4.60	 24.0	 1.29	 14.5	 29.8	0.00248	0.0289
 4.70	 23.9	 1.29	 14.3	 29.9	0.00573	0.0288
 4.80	 24.0	 1.29	 14.3	 29.9	0.00454	0.0288
 4.90	 23.9	 1.29	 14.4	 29.8	0.00956	0.0286
 5.00	 24.0	 1.29	 14.3	 29.8	0.00661	0.0289
 5.10	 24.0	 1.29	 14.4	 29.8	0.00661	0.0291
 5.20	 23.9	 1.29	 14.3	 29.8	0.00661	0.0288
 5.30	 24.0	 1.29	 14.6	 29.9	0.00395	0.0289
 5.40	 24.0	 1.29	 14.3	 29.9	0.00366	0.0288
 5.50	 24.0	 1.29	 14.4	 29.8	0.00130	0.0288
 5.60	 23.9	 1.29	 14.7	 29.8	0.00632	0.0288
 5.70	 24.0	 1.29	 14.4	 29.8	0.00632	0.0286
 5.80	 23.9	 1.29	 14.7	 29.8	0.00573	0.0289
 5.90	 23.9	 1.29	 14.7	 29.8	0.00927	0.0288
 6.00	 24.0	 1.29	 14.6	 29.8	0.00189	0.0285
 6.10	 23.9	 1.29	 14.7	 29.9	0.00425	0.0288
 6.20	 23.9	 1.29	 14.5	 29.8	0.00514	0.0288
 6.30	 24.0	 1.29	 14.7	 29.9	0.00573	0.0291
 6.40	 24.0	 1.29	 14.6	 29.9	0.00307	0.0289
 6.50	 24.0	 1.29	 14.6	 29.8	0.0102	0.0285
 6.60	 24.0	 1.29	 14.4	 29.8	0.00573	0.0289
 6.70	 24.0	 1.29	 14.6	 29.8	0.00573	0.0289
 6.80	 24.0	 1.29	 14.6	 29.8	0.00720	0.0288
 6.90	 24.0	 1.29	 14.5	 29.8	0.00720	0.0288
 7.00	 24.0	 1.29	 14.5	 29.8	0.00868	0.0289
 7.10	 24.0	 1.29	 14.5	 29.9	0.00632	0.0289
 7.20	 24.0	 1.29	 14.3	 29.9	0.00602	0.0291
 7.30	 23.9	 1.29	 14.6	 29.8	0.00573	0.0289
 7.40	 23.9	 1.29	 14.7	 29.8	0.00248	0.0288
 7.50	 24.0	 1.29	 14.6	 29.8	0.00691	0.0291
 7.60	 24.0	 1.29	 14.5	 29.8	0.00809	0.0288
 7.70	 24.0	 1.29	 14.5	 29.8	0.00484	0.0289
 7.80	 24.0	 1.29	 14.4	 29.8	0.00307	0.0291
 7.90	 23.9	 1.29	 14.7	 29.9	0.00602	0.0289
 8.00	 24.0	 1.29	 14.4	 29.8	0.00307	0.0291
 8.10	 24.0	 1.29	 14.3	 29.9	0.00573	0.0288
 8.20	 24.0	 1.29	 14.6	 29.8	0.00336	0.0291
 8.30	 24.0	 1.29	 14.7	 29.8	0.0105	0.0289
 8.40	 24.0	 1.29	 14.7	 29.8	0.0105	0.0307
 8.50	 24.0	 1.29	 15.0	 29.8	0.0122	0.0325
 8.60	 24.0	 1.29	 15.0	 29.9	0.0196	0.0340
 8.70	 24.0	 1.29	 14.9	 29.8	0.0220	0.0338
 8.80	 24.0	 1.29	 15.0	 29.9	0.0169	0.0332
 8.90	 24.0	 1.29	 15.1	 29.8	0.0178	0.0338
 9.00	 24.0	 1.29	 15.3	 29.8	0.0240	0.0367
 9.10	 24.0	 1.29	 15.8	 29.9	0.0264	0.0380
 9.20	 23.9	 1.29	 15.6	 29.9	0.0355	0.0405
 9.30	 23.9	 1.29	 16.0	 29.8	0.0329	0.0421
 9.40	 24.0	 1.29	 16.2	 29.9	0.0415	0.0448
 9.50	 24.0	 1.29	 16.7	 29.9	0.0500	0.0489
 9.60	 24.0	 1.29	 17.3	 29.9	0.0624	0.0530
 9.70	 24.0	 1.29	 18.0	 29.9	0.0725	0.0573
 9.80	 23.9	 1.29	 18.5	 29.9	0.0837	0.0624
 9.90	 24.0	 1.29	 18.7	 29.9	0.0949	0.0677
 10.0	 24.0	 1.29	 19.7	 29.8	0.104	0.0726
 10.1	 23.9	 1.29	 20.1	 29.8	0.119	0.0784
 10.2	 24.0	 1.29	 20.7	 29.8	0.132	0.0838
 10.3	 23.9	 1.29	 21.4	 29.8	0.135	0.0878
 10.4	 24.0	 1.29	 21.4	 29.9	0.146	0.0909
 10.5	 24.0	 1.29	 21.8	 29.8	0.158	0.0950
 10.6	 23.9	 1.29	 22.6	 29.9	0.164	0.100
 10.7	 24.0	 1.29	 22.9	 29.8	0.177	0.106
 10.8	 24.0	 1.29	 23.6	 29.8	0.189	0.111
 10.9	 23.9	 1.29	 24.5	 29.8	0.200	0.116
 11.0	 24.0	 1.29	 24.8	 29.8	0.209	0.119
 11.1	 24.0	 1.29	 25.2	 29.8	0.210	0.122
 11.2	 23.9	 1.29	 25.2	 29.9	0.217	0.125
 11.3	 24.0	 1.29	 25.7	 29.8	0.223	0.130
 11.4	 23.9	 1.29	 26.2	 29.9	0.239	0.134
 11.5	 24.0	 1.29	 27.0	 29.8	0.235	0.137
 11.6	 24.0	 1.29	 26.9	 29.8	0.248	0.141
 11.7	 24.0	 1.29	 27.5	 29.8	0.258	0.144
 11.8	 24.0	 1.29	 27.8	 29.9	0.264	0.148
 11.9	 24.0	 1.29	 28.6	 29.8	0.276	0.153
 12.0	 24.0	 1.29	 29.5	 29.9	0.294	0.163
 12.1	 24.0	 1.29	 31.4	 29.8	0.328	0.181
 12.2	 24.0	 1.29	 33.7	 29.9	0.370	0.199
 12.3	 24.0	 1.29	 35.0	 29.9	0.386	0.210
 12.4	 23.9	 1.29	 35.8	 29.8	0.401	0.216
 12.5	 24.0	 1.29	 35.9	 29.8	0.405	0.219
 12.6	 24.0	 1.29	 36.2	 29.9	0.410	0.221
 12.7	 24.0	 1.29	 37.3	 29.9	0.428	0.232
 12.8	 23.9	 1.29	 41.6	 29.9	0.501	0.270
 12.9	 24.0	 1.29	 46.5	 29.9	0.591	0.315
 13.0	 24.0	 1.29	 50.3	 29.8	0.666	0.354
 13.1	 24.0	 1.29	 53.6	 29.8	0.716	0.384
 13.2	 24.0	 1.29	 58.1	 28.7	0.772	0.415
 13.3	 24.0	 1.29	 60.8	 29.9	0.831	0.444
 13.4	 24.0	 1.29	 64.3	 29.8	0.882	0.474
 13.5	 24.0	 1.29	 66.7	 29.8	0.941	0.503
 13.6	 24.0	 1.30	 68.7	 29.9	0.976	0.522
 13.7	 24.0	 1.30	 70.1	 29.9	0.993	0.533
 13.8	 24.0	 1.30	 71.6	 29.8	 1.01	0.544
 13.9	 24.0	 1.30	 71.5	 29.9	 1.03	0.553
 14.0	 24.0	 1.30	 74.3	 29.8	 1.07	0.570
 14.1	 24.1	 1.30	 77.1	 29.8	 1.11	0.596
 14.2	 24.0	 1.30	 79.0	 29.9	 1.15	0.614
 14.3	 24.0	 1.30	 79.1	 29.8	 1.18	0.628
 14.4	 24.0	 1.30	 79.9	 29.9	 1.18	0.634
 14.5	 24.0	 1.30	 80.7	 29.8	 1.19	0.638
 14.6	 24.0	 1.30	 80.9	 29.8	 1.20	0.641
 14.7	 24.0	 1.30	 82.4	 29.9	 1.22	0.652
 14.8	 24.1	 1.30	 84.3	 29.8	 1.26	0.671
 14.9	 24.0	 1.30	 88.2	 29.8	 1.33	0.706
 15.0	 24.0	 1.30	 91.3	 29.9	 1.40	0.742
 15.1	 24.0	 1.30	 93.2	 29.9	 1.44	0.766
 15.2	 24.0	 1.30	 96.1	 29.9	 1.49	0.795
 15.3	 24.1	 1.31	 98.8	 29.8	 1.55	0.823
 15.4	 24.0	 1.31	  103	 30.0	 1.61	0.850
 15.5	 24.1	 1.31	  105	 29.9	 1.66	0.875
 15.6	 24.0	 1.31	  108	 29.8	 1.70	0.898
 15.7	 24.1	 1.31	  109	 29.8	 1.73	0.913
 15.8	 24.0	 1.31	  109	 29.9	 1.76	0.926
 15.9	 24.1	 1.31	  112	 29.9	 1.80	0.948
 16.0	 24.1	 1.31	  114	 29.9	 1.86	0.975
 16.1	 24.1	 1.31	  116	 29.9	 1.91	0.999
 16.2	 24.1	 1.31	  118	 29.8	 1.96	 1.02
 16.3	 24.1	 1.31	  121	 29.8	 2.02	 1.05
 16.4	 24.1	 1.32	  124	 29.9	 2.07	 1.07
 16.5	 24.1	 1.32	  125	 29.9	 2.12	 1.10
 16.6	 24.0	 1.32	  126	 29.8	 2.14	 1.11
 16.7	 24.0	 1.32	  129	 29.8	 2.16	 1.12
 16.8	 24.1	 1.32	  130	 29.9	 2.18	 1.13
 16.9	 24.1	 1.32	  130	 29.9	 2.21	 1.15
 17.0	 24.1	 1.32	  131	 29.9	 2.24	 1.16
 17.1	 24.1	 1.32	  132	 29.8	 2.27	 1.17
 17.2	 24.1	 1.32	  134	 29.9	 2.30	 1.19
 17.3	 24.1	 1.32	  134	 29.9	 2.32	 1.20
 17.4	 24.1	 1.32	  136	 29.8	 2.35	 1.21
 17.5	 24.1	 1.32	  138	 29.9	 2.38	 1.22
 17.6	 24.1	 1.32	  139	 29.9	 2.41	 1.24
 17.7	 24.1	 1.32	  140	 29.8	 2.45	 1.25
 17.8	 24.1	 1.33	  141	 29.9	 2.48	 1.27
 17.9	 24.1	 1.33	  142	 29.9	 2.51	 1.28
 18.0	 24.0	 1.32	  144	 29.9	 2.54	 1.29
 18.1	 24.2	 1.33	  145	 29.9	 2.58	 1.31
 18.2	 24.1	 1.33	  146	 29.9	 2.61	 1.32
 18.3	 24.0	 1.33	  146	 29.9	 2.63	 1.33
 18.4	 24.1	 1.33	  147	 29.9	 2.66	 1.34
 18.5	 24.1	 1.33	  149	 29.8	 2.67	 1.35
 18.6	 24.1	 1.33	  148	 29.9	 2.70	 1.36
 18.7	 24.1	 1.33	  151	 29.9	 2.75	 1.38
 18.8	 24.1	 1.33	  152	 29.9	 2.80	 1.40
 18.9	 24.1	 1.33	  155	 29.8	 2.83	 1.41
 19.0	 24.1	 1.33	  155	 29.9	 2.84	 1.42
 19.1	 24.1	 1.33	  155	 29.9	 2.85	 1.42
 19.2	 24.1	 1.33	  154	 29.9	 2.86	 1.43
 19.3	 24.1	 1.33	  154	 29.9	 2.87	 1.43
 19.4	 24.1	 1.33	  156	 29.8	 2.88	 1.43
 19.5	 24.0	 1.33	  156	 29.8	 2.88	 1.43
 19.6	 24.1	 1.33	  155	 29.9	 2.88	 1.43
 19.7	 24.2	 1.33	  157	 29.9	 2.88	 1.44
 19.8	 24.1	 1.33	  156	 29.9	 2.90	 1.44
 19.9	 24.1	 1.33	  156	 29.9	 2.91	 1.44
 20.0	 24.1	 1.33	  157	 29.8	 2.91	 1.45
 20.1	 24.1	 1.33	  155	 29.9	 2.92	 1.45
 20.2	 24.1	 1.33	  156	 29.9	 2.92	 1.45
 20.3	 24.1	 1.33	  157	 29.9	 2.93	 1.45
 20.4	 24.1	 1.33	  158	 29.9	 2.93	 1.45
 20.5	 24.2	 1.33	  157	 29.9	 2.95	 1.46
 20.6	 24.2	 1.33	  158	 29.9	 2.95	 1.46
 20.7	 24.1	 1.33	  157	 29.9	 2.96	 1.46
 20.8	 24.1	 1.33	  157	 29.9	 2.96	 1.46
 20.9	 24.1	 1.33	  158	 29.9	 2.97	 1.47
 21.0	 24.1	 1.33	  159	 29.9	 2.98	 1.47
 21.1	 24.2	 1.33	  159	 29.9	 2.98	 1.47
 21.2	 24.1	 1.33	  159	 29.9	 2.98	 1.47
 21.3	 24.1	 1.33	  159	 29.9	 2.99	 1.47
 21.4	 24.1	 1.33	  158	 29.9	 2.99	 1.47
 21.5	 24.2	 1.33	  159	 29.9	 2.99	 1.47
 21.6	 24.2	 1.33	  157	 29.9	 2.99	 1.47
 21.7	 24.1	 1.33	  158	 29.9	 2.99	 1.47
 21.8	 24.1	 1.33	  160	 29.9	 3.00	 1.47
 21.9	 24.1	 1.33	  160	 29.8	 3.01	 1.48
 22.0	 24.2	 1.33	  160	 29.9	 3.02	 1.48
 22.1	 24.1	 1.33	  159	 29.9	 3.02	 1.48
 22.2	 24.2	 1.34	  160	 29.9	 3.03	 1.49
 22.3	 24.1	 1.34	  159	 29.8	 3.04	 1.49
 22.4	 24.1	 1.34	  159	 29.9	 3.05	 1.49
 22.5	 24.1	 1.34	  161	 29.9	 3.05	 1.49
 22.6	 24.2	 1.34	  160	 29.9	 3.05	 1.49
 22.7	 24.1	 1.34	  160	 29.9	 3.06	 1.50
 22.8	 24.2	 1.34	  160	 29.8	 3.06	 1.50
 22.9	 24.1	 1.34	  161	 29.9	 3.07	 1.50
 23.0	 24.2	 1.33	  160	 29.9	 3.08	 1.50
 23.1	 24.1	 1.34	  161	 29.9	 3.08	 1.50
 23.2	 24.1	 1.34	  160	 29.9	 3.08	 1.50
 23.3	 24.1	 1.34	  160	 29.9	 3.08	 1.50
 23.4	 24.1	 1.34	  162	 29.9	 3.09	 1.51
 23.5	 24.1	 1.34	  162	 29.8	 3.09	 1.51
 23.6	 24.2	 1.34	  161	 29.9	 3.10	 1.51
 23.7	 24.1	 1.34	  162	 29.9	 3.10	 1.51
 23.8	 24.1	 1.34	  161	 29.9	 3.10	 1.51
 23.9	 24.1	 1.34	  161	 29.9	 3.10	 1.51
 24.0	 24.1	 1.34	  163	 29.9	 3.10	 1.51
 24.1	 24.1	 1.34	  161	 29.9	 3.11	 1.51
 24.2	 24.0	 1.34	  161	 29.8	 3.11	 1.51
 24.3	 24.2	 1.34	  161	 29.9	 3.10	 1.51
 24.4	 24.1	 1.34	  162	 29.9	 3.10	 1.51
 24.5	 24.2	 1.34	  162	 29.9	 3.10	 1.51
 24.6	 24.1	 1.34	  163	 29.9	 3.10	 1.51
 24.7	 24.2	 1.34	  163	 29.8	 3.11	 1.51
 24.8	 24.2	 1.34	  161	 29.9	 3.10	 1.51
 24.9	 24.1	 1.34	  161	 29.9	 3.11	 1.51
 25.0	 24.2	 1.34	  161	 29.9	 3.11	 1.51
 25.1	 24.1	 1.34	  163	 29.9	 3.10	 1.51
 25.2	 24.1	 1.34	  162	 29.9	 3.10	 1.51
 25.3	 24.1	 1.34	  161	 29.9	 3.09	 1.51
 25.4	 24.1	 1.34	  162	 29.9	 3.08	 1.51
 25.5	 24.2	 1.34	  162	 29.9	 3.07	 1.50
 25.6	 24.1	 1.34	  161	 29.8	 3.06	 1.50
 25.7	 24.2	 1.34	  161	 29.8	 3.04	 1.50
 25.8	 24.2	 1.34	  160	 29.9	 3.04	 1.50
 25.9	 24.1	 1.34	  160	 29.9	 3.04	 1.50
 26.0	 24.2	 1.34	  162	 29.9	 3.03	 1.49
 26.1	 24.2	 1.34	  160	 29.9	 3.02	 1.49
 26.2	 24.1	 1.33	  160	 29.9	 3.02	 1.49
 26.3	 24.2	 1.34	  159	 29.9	 3.02	 1.49
 26.4	 24.1	 1.34	  160	 30.0	 3.02	 1.49
 26.5	 24.2	 1.34	  159	 29.9	 3.01	 1.49
 26.6	 24.2	 1.34	  160	 29.9	 3.01	 1.49
 26.7	 24.1	 1.34	  161	 29.9	 3.00	 1.49
 26.8	 24.1	 1.33	  159	 29.9	 3.00	 1.48
 26.9	 24.1	 1.33	  161	 29.9	 2.98	 1.48
 27.0	 24.2	 1.33	  160	 29.8	 2.97	 1.48
 27.1	 24.1	 1.33	  158	 29.9	 2.97	 1.48
 27.2	 24.1	 1.33	  158	 29.9	 2.95	 1.48
 27.3	 24.1	 1.33	  158	 29.9	 2.95	 1.47
 27.4	 24.1	 1.33	  158	 29.9	 2.94	 1.47
 27.5	 24.1	 1.33	  158	 29.9	 2.93	 1.47
 27.6	 24.1	 1.33	  159	 29.8	 2.92	 1.46
 27.7	 24.2	 1.33	  158	 29.9	 2.91	 1.46
 27.8	 24.2	 1.33	  158	 29.8	 2.90	 1.46
 27.9	 24.2	 1.33	  156	 29.9	 2.89	 1.46
 28.0	 24.1	 1.33	  157	 29.9	 2.89	 1.46
 28.1	 24.1	 1.33	  156	 29.8	 2.89	 1.45
 28.2	 24.2	 1.33	  158	 29.9	 2.89	 1.46
 28.3	 24.2	 1.33	  157	 29.8	 2.87	 1.45
 28.4	 24.2	 1.33	  156	 29.9	 2.85	 1.44
 28.5	 24.2	 1.33	  155	 29.8	 2.83	 1.44
 28.6	 24.1	 1.33	  155	 29.8	 2.82	 1.44
 28.7	 24.2	 1.33	  154	 29.9	 2.82	 1.43
 28.8	 24.1	 1.33	  154	 29.8	 2.78	 1.42
 28.9	 24.2	 1.33	  151	 29.9	 2.71	 1.40
 29.0	 24.2	 1.33	  150	 29.9	 2.66	 1.38
 29.1	 24.2	 1.33	  150	 29.9	 2.63	 1.37
 29.2	 24.1	 1.33	  148	 29.9	 2.59	 1.35
 29.3	 24.1	 1.33	  147	 29.8	 2.53	 1.33
 29.4	 24.1	 1.33	  145	 29.9	 2.44	 1.30
 29.5	 24.1	 1.32	  140	 29.8	 2.31	 1.24
 29.6	 24.1	 1.32	  135	 29.8	 2.22	 1.20
 29.7	 24.2	 1.32	  132	 29.9	 2.16	 1.17
 29.8	 24.1	 1.32	  131	 29.9	 2.10	 1.14
 29.9	 24.1	 1.32	  129	 29.9	 2.06	 1.13
 30.0	 24.1	 1.32	  128	 29.9	 2.03	 1.11
 30.1	 24.0	 1.32	  126	 29.8	 1.99	 1.09
 30.2	 24.1	 1.32	  124	 29.9	 1.95	 1.07
 30.3	 24.1	 1.31	  123	 29.8	 1.92	 1.06
 30.4	 24.1	 1.31	  121	 29.9	 1.87	 1.03
 30.5	 24.2	 1.31	  117	 29.9	 1.78	0.991
 30.6	 24.1	 1.31	  113	 29.9	 1.70	0.950
 30.7	 24.1	 1.31	  109	 29.9	 1.64	0.916
 30.8	 24.1	 1.31	  105	 29.8	 1.58	0.889
 30.9	 24.1	 1.31	  103	 29.9	 1.52	0.855
 31.0	 24.0	 1.30	  100	 29.8	 1.45	0.822
 31.1	 24.1	 1.30	 96.8	 29.9	 1.41	0.797
 31.2	 24.1	 1.30	 96.4	 29.9	 1.38	0.782
 31.3	 24.1	 1.30	 94.6	 29.8	 1.35	0.769
 31.4	 24.1	 1.30	 93.5	 29.8	 1.32	0.753
 31.5	 24.1	 1.30	 90.6	 29.8	 1.28	0.726
 31.6	 24.1	 1.30	 87.6	 29.8	 1.23	0.703
 31.7	 24.0	 1.30	 86.0	 29.8	 1.19	0.681
 31.8	 24.1	 1.30	 83.1	 29.8	 1.13	0.653
 31.9	 24.1	 1.30	 79.4	 29.9	 1.07	0.620
 32.0	 24.1	 1.30	 75.8	 29.8	 1.01	0.586
 32.1	 24.1	 1.30	 72.0	 29.9	0.951	0.556
 32.2	 24.1	 1.30	 69.0	 29.8	0.899	0.527
 32.3	 24.0	 1.30	 67.0	 29.9	0.843	0.500
 32.4	 24.0	 1.29	 63.6	 29.8	0.788	0.468
 32.5	 24.0	 1.29	 59.5	 29.8	0.729	0.434
 32.6	 24.0	 1.29	 56.8	 29.9	0.673	0.405
 32.7	 24.1	 1.29	 53.6	 29.8	0.617	0.376
 32.8	 24.0	 1.29	 50.5	 29.9	0.561	0.347
 32.9	 24.0	 1.29	 46.0	 29.8	0.500	0.312
 33.0	 24.1	 1.29	 42.8	 29.8	0.443	0.278
 33.1	 24.0	 1.29	 39.1	 29.9	0.379	0.245
 33.2	 24.1	 1.29	 36.0	 29.9	0.333	0.219
 33.3	 24.1	 1.29	 34.2	 29.9	0.306	0.203
 33.4	 24.0	 1.29	 32.6	 29.8	0.282	0.191
 33.5	 24.0	 1.29	 31.8	 29.8	0.272	0.181
 33.6	 24.0	 1.29	 31.0	 29.8	0.256	0.174
 33.7	 24.1	 1.29	 30.4	 29.9	0.244	0.167
 33.8	 24.1	 1.29	 29.6	 29.8	0.225	0.160
 33.9	 24.0	 1.29	 28.5	 29.8	0.219	0.154
 34.0	 24.1	 1.29	 28.1	 29.8	0.206	0.149
 34.1	 24.0	 1.29	 27.4	 29.8	0.199	0.145
 34.2	 24.1	 1.29	 27.2	 29.8	0.197	0.141
 34.3	 24.0	 1.29	 26.5	 29.8	0.189	0.137
 34.4	 24.1	 1.29	 26.0	 29.8	0.178	0.133
 34.5	 24.1	 1.29	 25.6	 29.8	0.168	0.127
 34.6	 24.0	 1.29	 24.6	 29.8	0.154	0.120
 34.7	 24.1	 1.29	 23.6	 29.8	0.142	0.112
 34.8	 24.0	 1.29	 22.8	 29.9	0.118	0.100
 34.9	 24.0	 1.29	 21.3	 29.8	0.0964	0.0898
 35.0	 24.0	 1.29	 20.2	 29.8	0.0733	0.0775
 35.1	 24.1	 1.29	 18.5	 29.8	0.0580	0.0653
 35.2	 24.0	 1.29	 17.8	 29.9	0.0379	0.0562
 35.3	 24.0	 1.29	 17.1	 29.8	0.0279	0.0494
 35.4	 24.0	 1.29	 16.1	 29.8	0.0181	0.0440
 35.5	 24.1	 1.29	 16.0	 29.8	0.0125	0.0414
 35.6	 24.0	 1.29	 15.6	 29.8	0.00956	0.0395
 35.7	 24.1	 1.29	 15.6	 29.8	0.00927	0.0385
 35.8	 24.1	 1.29	 15.6	 29.8	0.00514	0.0382
 35.9	 24.1	 1.29	 15.7	 29.8	0.00838	0.0377
 36.0	 24.0	 1.29	 15.4	 29.8	0.00720	0.0377
 36.1	 24.0	 1.29	 15.7	 29.8	0.00986	0.0375
 36.2	 24.0	 1.29	 15.3	 29.8	-0.00225	0.0375
 36.3	 24.1	 1.29	 15.7	 29.8	0.00838	0.0375
 36.4	 24.1	 1.29	 15.6	 29.8	0.00897	0.0374
 36.5	 24.0	 1.29	 15.3	 29.9	0.00484	0.0371
 36.6	 24.0	 1.29	 15.3	 29.8	0.00484	0.0374
 36.7	 24.0	 1.29	 15.7	 29.9	0.00750	0.0375
 36.8	 24.1	 1.29	 15.7	 29.9	0.00454	0.0374
 36.9	 24.1	 1.29	 15.7	 29.8	0.00573	0.0374
 37.0	 24.0	 1.29	 15.5	 29.8	0.00336	0.0374
 37.1	 24.1	 1.29	 15.7	 29.9	0.00425	0.0375
 37.2	 24.1	 1.29	 15.7	 29.8	0.00602	0.0375
 37.3	 24.0	 1.29	 15.4	 29.8	0.00838	0.0372
 37.4	 24.0	 1.29	 15.7	 29.8	0.00573	0.0374
 37.5	 24.0	 1.29	 15.6	 29.9	0.00779	0.0374
 37.6	 24.1	 1.29	 15.3	 29.9	0.00809	0.0374
 37.7	 24.1	 1.29	 15.3	 29.8	0.00248	0.0374
 37.8	 24.0	 1.29	 15.3	 29.8	0.00868	0.0374
 37.9	 24.0	 1.29	 15.6	 29.8	0.00750	0.0374
 38.0	 24.1	 1.29	 15.5	 29.8	0.00897	0.0374
 38.1	 24.1	 1.29	 15.6	 29.8	0.00632	0.0374
 38.2	 24.1	 1.29	 15.6	 29.8	0.00189	0.0374
 38.3	 24.1	 1.29	 15.7	 29.8	0.00632	0.0371
 38.4	 24.0	 1.29	 15.6	 29.9	0.00986	0.0374
 38.5	 24.1	 1.29	 15.4	 29.9	0.00691	0.0377
 38.6	 24.1	 1.29	 15.4	 29.8	0.00573	0.0372
 38.7	 24.0	 1.29	 15.6	 29.8	0.00573	0.0375
 38.8	 24.1	 1.29	 15.3	 29.8	0.00691	0.0372
 38.9	 24.1	 1.29	 15.7	 29.8	0.00425	0.0375
 39.0	 24.0	 1.29	 15.7	 29.8	0.00720	0.0374
 39.1	 24.0	 1.29	 15.6	 29.8	0.00514	0.0372
 39.2	 24.0	 1.29	 15.5	 29.8	0.00425	0.0372
 39.3	 24.1	 1.29	 15.7	 29.8	0.00307	0.0374
 39.4	 24.1	 1.29	 15.3	 29.8	0.00189	0.0374
 39.5	 24.1	 1.29	 15.5	 29.8	0.00454	0.0372
 39.6	 24.0	 1.29	 15.6	 29.9	0.00425	0.0371
 39.7	 24.0	 1.29	 15.4	 29.8	0.00779	0.0375
 39.8	 24.0	 1.29	 15.6	 29.8	0.00336	0.0371
 39.9	 24.0	 1.29	 15.7	 29.9	0.00248	0.0372
 40.0	 24.1	 1.29	 15.4	 29.8	0.00632	0.0372
 40.1	 24.1	 1.29	 15.7	 29.8	0.00809	0.0374
 40.2	 24.0	 1.29	 15.4	 29.8	0.00750	0.0372
 40.3	 24.0	 1.29	 15.4	 29.8	0.00366	0.0372
 40.4	 24.1	 1.29	 15.6	 29.8	0.00602	0.0372
 40.5	 24.0	 1.29	 15.3	 29.8	0.00130	0.0374
 40.6	 24.1	 1.29	 15.7	 29.8	0.00573	0.0372
 40.7	 24.0	 1.29	 15.6	 29.9	0.00395	0.0371
 40.8	 24.1	 1.29	 15.3	 29.8	0.00602	0.0372
 40.9	 24.0	 1.29	 15.5	 29.8	-0.00166	0.0369
 41.0	 24.0	 1.29	 15.4	 29.8	0.00809	0.0375
 41.1	 24.0	 1.29	 15.4	 29.8	0.00720	0.0372
 41.2	 24.0	 1.29	 15.5	 29.9	0.00927	0.0374
 41.3	 24.0	 1.29	 15.6	 29.8	0.00927	0.0374
 41.4	 24.0	 1.29	 15.3	 29.8	0.0110	0.0372
 41.5	 24.0	 1.29	 15.7	 29.9	0.00602	0.0374
 41.6	 24.0	 1.29	 15.4	 29.8	0.00454	0.0372
 41.7	 24.1	 1.29	 15.5	 29.9	0.0116	0.0371
 41.8	 24.0	 1.29	 15.4	 29.8	0.00779	0.0374
 41.9	 24.1	 1.29	 15.3	 29.9	0.00425	0.0372
 42.0	 24.0	 1.29	 15.3	 29.8	0.00425	0.0371
 42.1	 24.1	 1.29	 15.7	 29.8	0.00514	0.0374
 42.2	 24.1	 1.29	 15.5	 29.8	0.00602	0.0372
 42.3	 24.0	 1.29	 15.7	 29.8	0.00838	0.0372
 42.4	 24.0	 1.29	 15.5	 29.8	0.0107	0.0371
 42.5	 24.0	 1.29	 15.4	 29.8	0.00632	0.0371
 42.6	 24.1	 1.29	 15.6	 29.8	0.00484	0.0372
 42.7	 24.0	 1.29	 15.6	 29.8	0.0107	0.0374
 42.8	 24.1	 1.29	 15.7	 29.8	0.00868	0.0374
 42.9	 24.1	 1.29	 15.7	 29.8	0.00159	0.0372
 43.0	 24.1	 1.29	 15.5	 29.8	0.0119	0.0372
 43.1	 24.0	 1.29	 15.5	 29.8	0.00573	0.0372
 43.2	 24.1	 1.29	 15.6	 29.8	0.00691	0.0371
 43.3	 24.1	 1.29	 15.4	 29.9	0.00691	0.0372
 43.4	 24.0	 1.29	 15.3	 29.8	0.00986	0.0372
 43.5	 24.1	 1.29	 15.4	 29.8	0.00277	0.0369
 43.6	 24.0	 1.29	 15.7	 29.8	0.00632	0.0374
 43.7	 24.0	 1.29	 15.3	 29.8	0.00514	0.0372
 43.8	 24.0	 1.29	 15.6	 29.8	0.00454	0.0375
 43.9	 24.1	 1.29	 15.4	 29.9	0.00868	0.0371
 44.0	 24.0	 1.29	 15.6	 29.8	0.00897	0.0375
 44.1	 24.1	 1.29	 15.6	 29.9	0.00514	0.0372
 44.2	 24.2	 1.29	 15.5	 29.8	0.00366	0.0374
 44.3	 24.1	 1.29	 15.6	 29.8	-0.000180	0.0374
 44.4	 24.0	 1.29	 15.3	 29.8	0.00897	0.0371
 44.5	 24.0	 1.29	 15.6	 29.9	0.00425	0.0372
 44.6	 24.0	 1.29	 15.7	 29.8	0.00779	0.0372
 44.7	 24.0	 1.29	 15.6	 29.9	0.00454	0.0372
 44.8	 24.0	 1.29	 15.5	 29.8	0.000116	0.0372
 44.9	 24.1	 1.29	 15.5	 29.9	0.00691	0.0374
 45.0	 24.0	 1.29	 15.4	 29.8	0.00956	0.0372
 45.1	 24.0	 1.29	 15.3	 29.8	0.0105	0.0374
 45.2	 24.1	 1.29	 15.7	 29.8	0.00454	0.0374
 45.3	 24.1	 1.29	 15.4	 29.8	0.00602	0.0371
 45.4	 24.0	 1.29	 15.4	 29.9	0.0116	0.0374
 45.5	 24.1	 1.29	 15.5	 29.9	0.00632	0.0372
 45.6	 24.0	 1.29	 15.3	 29.8	0.00573	0.0369
 45.7	 24.0	 1.29	 15.3	 29.8	0.00809	0.0374
 45.8	 24.1	 1.29	 15.7	 29.8	0.00130	0.0372
 45.9	 24.0	 1.29	 15.4	 29.8	0.00514	0.0374
 46.0	 24.0	 1.29	 15.6	 29.8	0.00307	0.0372
 46.1	 24.0	 1.29	 15.6	 29.9	0.00425	0.0371
 46.2	 24.0	 1.29	 15.6	 29.8	0.00868	0.0372
 46.3	 24.0	 1.29	 15.6	 29.9	0.00779	0.0372
 46.4	 24.0	 1.29	 15.3	 29.8	0.00779	0.0372
 46.5	 24.0	 1.29	 15.6	 29.9	0.00366	0.0375
 46.6	 24.0	 1.29	 15.5	 29.8	0.00454	0.0371
 46.7	 24.0	 1.29	 15.4	 29.8	0.00454	0.0374
 46.8	 24.0	 1.29	 15.6	 29.8	0.00248	0.0375
 46.9	 24.0	 1.29	 15.4	 29.9	0.00514	0.0372
 47.0	 24.0	 1.29	 15.6	 29.8	0.0102	0.0372
 47.1	 24.0	 1.29	 15.3	 29.8	0.00454	0.0374
 47.2	 24.1	 1.29	 15.4	 29.9	0.00661	0.0372
 47.3	 24.0	 1.29	 15.3	 29.8	0.0102	0.0372
 47.4	 24.1	 1.29	 15.4	 29.9	0.00632	0.0371
 47.5	 24.0	 1.29	 15.6	 29.8	0.00661	0.0374
 47.6	 24.0	 1.29	 15.4	 29.8	0.00189	0.0374
 47.7	 24.0	 1.29	 15.3	 29.8	0.00809	0.0374
 47.8	 24.0	 1.29	 15.7	 29.8	0.00454	0.0371
 47.9	 24.1	 1.29	 15.6	 29.8	0.00809	0.0374
 48.0	 24.1	 1.29	 15.3	 29.8	0.00897	0.0372
 48.1	 24.1	 1.29	 15.4	 29.8	0.00573	0.0375
 48.2	 24.0	 1.29	 15.6	 29.8	0.00691	0.0372
 48.3	 24.0	 1.29	 15.5	 29.8	0.0128	0.0371
 48.4	 24.0	 1.29	 15.6	 29.9	0.00838	0.0374
 48.5	 24.0	 1.29	 15.4	 29.8	0.00838	0.0375
 48.6	 24.0	 1.29	 15.6	 29.8	0.00573	0.0371
 48.7	 24.1	 1.29	 15.6	 29.8	0.0102	0.0371
 48.8	 24.0	 1.29	 15.5	 29.8	0.00543	0.0374
 48.9	 24.0	 1.29	 15.7	 29.8	0.00838	0.0372
 49.0	 24.0	 1.29	 15.4	 29.8	0.00809	0.0374
 49.1	 24.0	 1.29	 15.3	 29.8	0.00691	0.0374
 49.2	 24.1	 1.29	 15.3	 29.8	0.00661	0.0375
 49.3	 24.1	 1.29	 15.3	 29.8	0.00661	0.0374
 49.4	 24.1	 1.29	 15.7	 29.8	0.00720	0.0374
 49.5	 24.0	 1.29	 15.7	 29.8	0.00720	0.0371
 49.6	 24.0	 1.29	 15.5	 29.9	0.00543	0.0372
 49.7	 24.0	 1.29	 15.4	 29.8	0.00189	0.0371
 49.8	 24.0	 1.29	 15.6	 29.8	0.00573	0.0374
 49.9	 24.0	 1.29	 15.6	 29.9	0.000706	0.0372
 50.0	 24.0	 1.29	 15.7	 29.8	0.00661	0.0371
 50.1	 24.0	 1.29	 15.3	 29.8	0.00189	0.0374
 50.2	 24.0	 1.29	 15.5	 29.9	0.00100	0.0371
 50.3	 24.0	 1.29	 15.3	 29.8	0.00661	0.0374
 50.4	 24.1	 1.29	 15.4	 29.9	0.000706	0.0374
 50.5	 24.1	 1.29	 15.5	 29.8	0.00750	0.0372
 50.6	 24.0	 1.29	 15.3	 29.8	0.00986	0.0372
 50.7	 24.1	 1.29	 15.4	 29.8	0.00425	0.0372
 50.8	 24.1	 1.29	 15.5	 29.8	0.00395	0.0374
 50.9	 24.0	 1.29	 15.5	 29.9	0.00130	0.0372
 51.0	 24.0	 1.29	 15.3	 29.8	0.00691	0.0375
 51.1	 24.0	 1.29	 15.3	 29.9	0.00336	0.0371
 51.2	 24.1	 1.29	 15.4	 29.8	0.00573	0.0374
 51.3	 24.1	 1.29	 15.5	 29.8	-0.00284	0.0372
 51.4	 24.0	 1.29	 15.6	 29.8	0.00336	0.0371
 51.5	 24.0	 1.29	 15.7	 29.9	0.00307	0.0372
 51.6	 24.0	 1.29	 15.5	 29.8	0.00159	0.0374
 51.7	 24.1	 1.29	 15.4	 29.8	0.00277	0.0372
 51.8	 24.1	 1.29	 15.6	 29.8	0.00336	0.0372
 51.9	 24.0	 1.29	 15.6	 29.8	0.00573	0.0374
 52.0	 24.1	 1.29	 15.3	 29.8	0.00248	0.0372
 52.1	 24.1	 1.29	 15.4	 29.8	0.00661	0.0374
 52.2	 24.0	 1.29	 15.4	 29.8	0.00366	0.0372
 52.3	 24.1	 1.29	 15.6	 29.8	0.00307	0.0374
 52.4	 24.0	 1.29	 15.5	 29.8	0.00277	0.0374
 52.5	 24.1	 1.29	 15.3	 29.9	0.00307	0.0374
 52.6	 24.0	 1.29	 15.6	 29.8	0.00543	0.0371
 52.7	 24.0	 1.29	 15.4	 29.9	0.00277	0.0374
 52.8	 24.1	 1.29	 15.3	 29.8	0.00336	0.0372
 52.9	 24.1	 1.29	 15.5	 29.8	0.00602	0.0372
 53.0	 24.0	 1.29	 15.6	 29.8	0.00425	0.0374
 53.1	 24.0	 1.29	 15.7	 29.8	0.00779	0.0374
 53.2	 24.1	 1.29	 15.6	 29.8	-0.000180	0.0371
 53.3	 24.1	 1.29	 15.6	 29.9	0.00484	0.0374
 53.4	 24.0	 1.29	 15.4	 29.9	0.00573	0.0369
 53.5	 24.1	 1.29	 15.7	 29.8	0.00632	0.0372
 53.6	 24.0	 1.29	 15.5	 29.8	0.00956	0.0374
 53.7	 24.0	 1.29	 15.3	 29.8	0.00868	0.0371
 53.8	 24.0	 1.29	 15.3	 29.9	0.00277	0.0374
 53.9	 24.0	 1.29	 15.3	 29.8	0.00307	0.0372
 54.0	 24.0	 1.29	 15.5	 29.8	-0.00107	0.0372
 54.1	 24.0	 1.29	 15.5	 29.8	0.00277	0.0374
 54.2	 24.0	 1.29	 15.5	 29.8	-0.00136	0.0372
 54.3	 24.1	 1.29	 15.5	 29.8	0.00720	0.0372
 54.4	 24.0	 1.29	 15.7	 29.8	0.00366	0.0369
 54.5	 24.0	 1.29	 15.5	 29.8	0.00248	0.0372
 54.6	 24.1	 1.29	 15.7	 29.9	0.0102	0.0372
 54.7	 24.1	 1.29	 15.7	 29.8	0.00218	0.0371
 54.8	 24.1	 1.29	 15.5	 29.8	0.00779	0.0374
 54.9	 24.0	 1.29	 15.3	 29.9	0.00336	0.0372
 55.0	 24.1	 1.29	 15.5	 29.8	-0.00225	0.0371
 55.1	 24.0	 1.29	 15.3	 29.8	0.00100	0.0375
 55.2	 24.1	 1.29	 15.5	 29.8	0.00366	0.0372
 55.3	 24.1	 1.29	 15.6	 29.9	0.00514	0.0372
 55.4	 24.1	 1.29	 15.6	 29.9	0.00838	0.0371
 55.5	 24.1	 1.29	 15.5	 29.8	0.000411	0.0372
 55.6	 24.1	 1.29	 15.5	 29.8	0.00366	0.0372
 55.7	 24.0	 1.29	 15.4	 29.9	-0.00107	0.0372
 55.8	 24.1	 1.29	 15.4	 29.9	0.00100	0.0371
 55.9	 24.1	 1.29	 15.4	 29.9	0.00573	0.0372
 56.0	 24.1	 1.29	 15.7	 29.9	0.000411	0.0374
 56.1	 24.1	 1.29	 15.6	 29.8	-0.00107	0.0371
 56.2	 24.0	 1.29	 15.4	 29.8	-0.000180	0.0372
 56.3	 24.1	 1.29	 15.5	 29.8	0.00248	0.0372
 56.4	 24.0	 1.29	 15.6	 29.8	0.00454	0.0374
 56.5	 24.1	 1.29	 15.5	 29.9	0.00366	0.0371
 56.6	 24.0	 1.29	 15.6	 29.8	0.00454	0.0371
 56.7	 24.0	 1.29	 15.6	 29.8	0.00100	0.0371
 56.8	 24.0	 1.29	 15.4	 29.9	0.00868	0.0371
 56.9	 24.0	 1.29	 15.5	 29.8	0.00336	0.0374
 57.0	 24.0	 1.29	 15.4	 29.8	0.00366	0.0374
 57.1	 24.0	 1.29	 15.4	 29.8	0.00543	0.0372
 57.2	 24.1	 1.29	 15.6	 29.8	0.00454	0.0372
 57.3	 24.0	 1.29	 15.5	 29.8	0.00986	0.0371
 57.4	 24.0	 1.29	 15.5	 29.8	0.00454	0.0371
 57.5	 24.0	 1.29	 15.6	 29.8	0.00336	0.0371
 57.6	 24.1	 1.29	 15.4	 29.8	0.00454	0.0371
 57.7	 24.0	 1.29	 15.5	 29.8	0.00336	0.0371
 57.8	 24.1	 1.29	 15.7	 29.8	-0.00225	0.0372
 57.9	 24.1	 1.29	 15.6	 29.8	0.00189	0.0372
 58.0	 24.0	 1.29	 15.4	 29.8	0.00573	0.0375
 58.1	 24.0	 1.29	 15.3	 29.8	0.00189	0.0374
 58.2	 24.0	 1.29	 15.7	 29.9	0.00277	0.0371
 58.3	 24.0	 1.29	 15.4	 29.8	0.00514	0.0372
 58.4	 24.1	 1.29	 15.5	 29.8	0.00218	0.0374
 58.5	 24.0	 1.29	 15.7	 29.9	0.00189	0.0371
 58.6	 24.0	 1.29	 15.3	 29.9	0.00514	0.0372
 58.7	 24.1	 1.29	 15.6	 29.8	0.00218	0.0372
 58.8	 24.1	 1.29	 15.4	 29.8	0.00868	0.0369
 58.9	 24.0	 1.29	 15.7	 29.8	0.00514	0.0372
 59.0	 24.0	 1.29	 15.4	 29.8	0.00425	0.0375
 59.1	 24.1	 1.29	 15.6	 29.9	0.00543	0.0374
 59.2	 24.1	 1.29	 15.6	 29.8	0.00720	0.0372
 59.3	 24.1	 1.29	 15.4	 29.8	0.00927	0.0372
 59.4	 24.1	 1.29	 15.5	 29.9	0.00366	0.0372
 59.5	 24.0	 1.29	 15.3	 29.8	0.00514	0.0374
 59.6	 24.0	 1.29	 15.4	 29.8	-0.000475	0.0374
 59.7	 24.0	 1.29	 15.3	 29.8	0.00100	0.0372
 59.8	 24.1	 1.29	 15.3	 29.8	0.00750	0.0372
 59.9	 24.1	 1.29	 15.6	 29.8	0.00277	0.0374
 60.0	 24.0	 1.29	 15.3	 29.8	0.00543	0.0372
 60.1	 24.0	 1.29	 15.6	 29.9	0.00248	0.0372
 60.2	 24.0	 1.29	 15.5	 29.8	0.00100	0.0372
 60.3	 24.1	 1.29	 15.3	 29.9	0.00543	0.0372
 60.4	 24.1	 1.29	 15.3	 29.9	0.00336	0.0372
 60.5	 24.0	 1.29	 15.3	 29.8	-0.00195	0.0375
 60.6	 24.1	 1.29	 15.3	 29.8	0.00454	0.0371
 60.7	 24.1	 1.29	 15.5	 29.8	0.00366	0.0372
 60.8	 24.1	 1.29	 15.5	 29.9	0.00336	0.0372
 60.9	 24.0	 1.29	 15.4	 29.8	0.00514	0.0372
 61.0	 24.1	 1.29	 15.4	 29.8	0.00248	0.0374
 61.1	 24.1	 1.29	 15.4	 29.8	0.00602	0.0372
 61.2	 24.0	 1.29	 15.5	 29.8	0.00100	0.0372
 61.3	 24.1	 1.29	 15.5	 29.8	0.00986	0.0369
 61.4	 24.1	 1.29	 15.6	 29.8	0.00100	0.0372
 61.5	 24.1	 1.29	 15.4	 29.8	-0.00254	0.0371
 61.6	 24.1	 1.29	 15.5	 29.8	-0.00107	0.0372
 61.7	 24.0	 1.29	 15.5	 29.8	0.00602	0.0375
 61.8	 24.1	 1.29	 15.5	 29.8	0.00366	0.0374
 61.9	 24.0	 1.29	 15.4	 29.8	0.00602	0.0372
 62.0	 24.1	 1.29	 15.3	 29.8	0.000706	0.0372
 62.1	 24.1	 1.29	 15.2	 29.9	0.00691	0.0372
 62.2	 24.1	 1.29	 15.5	 29.8	0.00602	0.0372
 62.3	 24.0	 1.29	 15.4	 29.8	0.000411	0.0372
 62.4	 24.0	 1.29	 15.5	 29.8	0.00484	0.0375
 62.5	 24.1	 1.29	 15.7	 29.8	0.00248	0.0371
 62.6	 24.1	 1.29	 15.4	 29.9	0.00425	0.0374
 62.7	 24.1	 1.29	 15.7	 29.8	0.00809	0.0374
 62.8	 24.1	 1.29	 15.4	 29.9	0.00632	0.0371
 62.9	 24.1	 1.29	 15.6	 29.8	0.00454	0.0372
 63.0	 24.1	 1.29	 15.4	 29.8	0.00897	0.0371
 63.1	 24.0	 1.29	 15.3	 29.8	0.00602	0.0374
 63.2	 24.0	 1.29	 15.5	 29.8	-0.000475	0.0372
 63.3	 24.0	 1.29	 15.3	 29.8	0.00927	0.0374
 63.4	 24.0	 1.29	 15.6	 29.8	0.00277	0.0374
 63.5	 24.1	 1.29	 15.7	 29.9	0.00750	0.0371
 63.6	 24.1	 1.29	 15.6	 29.9	0.00248	0.0372
 63.7	 24.1	 1.29	 15.3	 29.8	0.00897	0.0372
 63.8	 24.1	 1.29	 15.7	 29.8	0.00307	0.0372
 63.9	 24.0	 1.29	 15.5	 29.8	0.00720	0.0374
 64.0	 24.0	 1.29	 15.7	 29.9	0.00336	0.0375
 64.1	 24.1	 1.29	 15.4	 29.8	0.00366	0.0372
 64.2	 24.1	 1.29	 15.7	 29.8	0.000116	0.0372
 64.3	 24.1	 1.29	 15.6	 29.8	-0.00254	0.0372
 64.4	 24.1	 1.29	 15.6	 29.9	0.00661	0.0374
 64.5	 24.1	 1.29	 15.4	 29.8	0.00543	0.0374
 64.6	 24.0	 1.29	 15.6	 29.9	0.00425	0.0372
 64.7	 24.0	 1.29	 15.6	 29.9	0.00248	0.0372
 64.8	 24.0	 1.29	 15.7	 29.8	0.00750	0.0372
 64.9	 24.1	 1.29	 15.4	 29.8	-0.000475	0.0371
 65.0	 24.0	 1.29	 15.4	 29.9	0.00573	0.0374
 65.1	 24.1	 1.29	 15.7	 29.8	0.00366	0.0371
 65.2	 24.1	 1.29	 15.6	 29.8	0.00602	0.0372
 65.3	 24.1	 1.29	 15.3	 29.9	0.00100	0.0374
 65.4	 24.1	 1.29	 15.6	 29.8	0.00248	0.0371
 65.5	 24.1	 1.29	 15.4	 29.8	0.00100	0.0372
 65.6	 24.1	 1.29	 15.4	 29.9	0.00661	0.0372
 65.7	 24.1	 1.29	 15.5	 29.8	0.00484	0.0371
 65.8	 24.0	 1.29	 15.3	 29.9	0.00602	0.0372
 65.9	 24.1	 1.29	 15.4	 29.9	0.00750	0.0374
 66.0	 24.0	 1.29	 15.7	 29.9	0.00986	0.0372
 66.1	 24.1	 1.29	 15.4	 29.9	0.00248	0.0371
 66.2	 24.0	 1.29	 15.6	 29.8	0.00366	0.0371
 66.3	 24.1	 1.29	 15.7	 29.8	0.00750	0.0374
 66.4	 24.1	 1.29	 15.5	 29.8	-0.00284	0.0375
 66.5	 24.1	 1.29	 15.6	 29.9	0.00602	0.0372
 66.6	 24.1	 1.29	 15.7	 29.8	0.00838	0.0375
 66.7	 24.1	 1.29	 15.3	 29.8	0.00573	0.0371
 66.8	 24.0	 1.29	 15.7	 29.8	-0.000180	0.0372
 66.9	 24.1	 1.29	 15.6	 29.9	0.00602	0.0371
 67.0	 24.2	 1.29	 15.5	 29.8	0.00336	0.0372
 67.1	 24.1	 1.29	 15.4	 29.7	0.00750	0.0374
 67.2	 24.1	 1.29	 15.4	 29.8	-0.00461	0.0374
 67.3	 24.0	 1.29	 15.7	 29.8	0.000411	0.0372
 67.4	 24.0	 1.29	 15.4	 29.8	0.00366	0.0372
 67.5	 24.1	 1.29	 15.3	 29.8	0.00927	0.0372
 67.6	 24.1	 1.29	 15.7	 29.8	0.00248	0.0374
 67.7	 24.1	 1.29	 15.4	 29.8	0.00779	0.0372
 67.8	 24.0	 1.29	 15.5	 29.9	0.00277	0.0372
 67.9	 24.1	 1.29	 15.3	 29.9	0.00218	0.0374
 68.0	 24.0	 1.29	 15.7	 29.8	0.00809	0.0372
 68.1	 24.1	 1.29	 15.7	 29.8	0.00336	0.0372
 68.2	 24.0	 1.29	 15.3	 29.9	0.00514	0.0372
 68.3	 24.1	 1.29	 15.3	 29.8	0.0110	0.0371
 68.4	 24.1	 1.29	 15.4	 29.8	0.00514	0.0374
 68.5	 24.0	 1.29	 15.4	 29.8	0.00366	0.0371
 68.6	 24.0	 1.29	 15.3	 29.8	0.000411	0.0371
 68.7	 24.0	 1.29	 15.4	 29.9	0.00838	0.0372
 68.8	 24.1	 1.29	 15.4	 29.9	0.00189	0.0371
 68.9	 24.0	 1.29	 15.4	 29.8	0.00691	0.0372
 69.0	 24.1	 1.29	 15.5	 29.8	0.0102	0.0374
 69.1	 24.1	 1.29	 15.4	 29.8	0.00159	0.0372
 69.2	 24.2	 1.29	 15.7	 29.8	0.00484	0.0375
 69.3	 24.1	 1.29	 15.7	 29.8	0.00484	0.0372
 69.4	 24.1	 1.29	 15.4	 29.8	0.00277	0.0374
 69.5	 24.1	 1.29	 15.5	 29.9	0.00602	0.0371
 69.6	 24.1	 1.29	 15.5	 29.8	0.00248	0.0372
 69.7	 24.1	 1.29	 15.4	 29.8	0.00691	0.0372
 69.8	 24.1	 1.29	 15.4	 29.8	0.00366	0.0374
 69.9	 24.1	 1.29	 15.4	 29.9	0.00454	0.0371
 70.0	 24.0	 1.29	 15.6	 29.9	0.00720	0.0372
 70.1	 24.1	 1.29	 15.7	 29.8	0.00691	0.0372
 70.2	 24.1	 1.29	 15.5	 29.9	0.00897	0.0374
 70.3	 24.1	 1.29	 15.6	 29.8	0.00218	0.0375
 70.4	 24.2	 1.29	 15.6	 29.8	0.00573	0.0372
 70.5	 24.0	 1.29	 15.6	 29.8	-0.000475	0.0371
 70.6	 24.1	 1.29	 15.7	 29.8	0.00484	0.0374
 70.7	 24.1	 1.29	 15.4	 29.8	0.00602	0.0372
 70.8	 24.1	 1.29	 15.3	 29.8	0.00809	0.0371
 70.9	 24.1	 1.29	 15.6	 29.8	0.00868	0.0371
 71.0	 24.1	 1.29	 15.4	 29.9	0.00248	0.0371
 71.1	 24.1	 1.29	 15.4	 29.8	0.00425	0.0374
 71.2	 24.1	 1.29	 15.6	 29.8	-0.000180	0.0372
 71.3	 24.1	 1.29	 15.4	 29.8	0.00573	0.0374
 71.4	 24.1	 1.29	 15.5	 29.8	0.00395	0.0374
 71.5	 24.0	 1.29	 15.3	 29.8	0.0107	0.0372
 71.6	 24.1	 1.29	 15.5	 29.9	0.00366	0.0372
 71.7	 24.1	 1.29	 15.3	 29.9	0.00425	0.0371
 71.8	 24.1	 1.29	 15.5	 29.8	0.00632	0.0371
 71.9	 24.1	 1.29	 15.7	 29.8	0.0149	0.0374
 72.0	 24.1	 1.29	 15.3	 29.8	0.00573	0.0374
 72.1	 24.1	 1.29	 15.4	 29.8	0.00543	0.0372
 72.2	 24.1	 1.29	 15.6	 29.8	0.00514	0.0372
 72.3	 24.0	 1.29	 15.7	 29.9	-0.000180	0.0371
 72.4	 24.0	 1.29	 15.6	 29.9	0.00454	0.0372
 72.5	 24.1	 1.29	 15.5	 29.8	0.00425	0.0372
 72.6	 24.1	 1.29	 15.4	 29.8	0.00307	0.0372
 72.7	 24.1	 1.29	 15.3	 29.8	0.00779	0.0372
 72.8	 24.1	 1.29	 15.7	 29.8	0.00514	0.0371
 72.9	 24.1	 1.29	 15.6	 29.9	0.00573	0.0372
 73.0	 24.1	 1.29	 15.6	 29.8	0.00277	0.0372
 73.1	 24.1	 1.29	 15.7	 29.8	0.00573	0.0371
 73.2	 24.1	 1.29	 15.3	 29.8	0.00897	0.0371
 73.3	 24.0	 1.29	 15.7	 29.8	0.00779	0.0371
 73.4	 24.0	 1.29	 15.3	 29.8	0.00632	0.0374
 73.5	 24.0	 1.29	 15.7	 29.8	0.00336	0.0372
 73.6	 24.1	 1.29	 15.7	 29.8	0.00277	0.0374
 73.7	 24.1	 1.29	 15.7	 29.8	0.00514	0.0375
 73.8	 24.0	 1.29	 15.7	 29.8	0.00454	0.0371
 73.9	 24.1	 1.29	 15.3	 29.7	0.000706	0.0371
 74.0	 24.1	 1.29	 15.7	 29.8	0.00484	0.0374
 74.1	 24.1	 1.29	 15.7	 29.8	0.00661	0.0371
 74.2	 24.1	 1.29	 15.6	 29.8	0.00956	0.0374
 74.3	 24.1	 1.29	 15.7	 29.8	-0.00195	0.0374
 74.4	 24.1	 1.29	 15.6	 29.9	0.00514	0.0372
 74.5	 24.1	 1.29	 15.4	 29.8	0.00514	0.0372
 74.6	 24.0	 1.29	 15.3	 29.9	0.00661	0.0372
 74.7	 24.1	 1.29	 15.5	 29.8	0.00720	0.0375
 74.8	 24.0	 1.29	 15.6	 29.8	0.00395	0.0372
 74.9	 24.1	 1.29	 15.5	 29.9	0.00632	0.0374
 75.0	 24.1	 1.29	 15.6	 29.8	0.00454	0.0372
 75.1	 24.1	 1.29	 15.6	 29.9	0.00366	0.0372
 75.2	 24.0	 1.29	 15.3	 29.9	0.00809	0.0372
 75.3	 24.1	 1.29	 15.6	 29.8	0.00809	0.0374
 75.4	 24.0	 1.29	 15.6	 29.8	0.00218	0.0372
 75.5	 24.1	 1.29	 15.5	 29.9	0.00868	0.0371
 75.6	 24.0	 1.29	 15.4	 29.8	0.00395	0.0372
 75.7	 24.1	 1.29	 15.5	 29.9	0.00573	0.0374
 75.8	 24.1	 1.29	 15.4	 29.8	0.00573	0.0374
 75.9	 24.1	 1.29	 15.7	 29.8	0.00454	0.0371
 76.0	 24.1	 1.29	 15.7	 29.9	0.0116	0.0369
 76.1	 24.0	 1.29	 15.4	 29.8	0.00159	0.0371
 76.2	 24.1	 1.29	 15.3	 29.8	0.00691	0.0374
 76.3	 24.0	 1.29	 15.3	 29.9	0.00307	0.0374
 76.4	 24.1	 1.29	 15.7	 29.8	0.00395	0.0374
 76.5	 24.1	 1.29	 15.6	 29.8	0.00720	0.0375
 76.6	 24.1	 1.29	 15.3	 29.8	0.00838	0.0371
 76.7	 24.1	 1.29	 15.5	 29.8	0.00336	0.0372
 76.8	 24.1	 1.29	 15.3	 29.8	0.00956	0.0374
 76.9	 24.1	 1.29	 15.5	 29.8	0.00514	0.0371
 77.0	 24.1	 1.29	 15.7	 29.8	0.00573	0.0371
 77.1	 24.1	 1.29	 15.3	 29.8	0.00514	0.0371
 77.2	 24.1	 1.29	 15.6	 29.9	0.00514	0.0371
 77.3	 24.1	 1.29	 15.4	 29.9	0.00720	0.0374
 77.4	 24.1	 1.29	 15.4	 29.8	0.0105	0.0374
 77.5	 24.1	 1.29	 15.4	 29.9	0.00543	0.0371
 77.6	 24.1	 1.29	 15.7	 29.8	0.000411	0.0372
 77.7	 24.1	 1.29	 15.4	 29.8	0.00691	0.0371
 77.8	 24.1	 1.29	 15.7	 29.8	0.00395	0.0374
 77.9	 24.1	 1.29	 15.4	 29.9	0.00366	0.0375
 78.0	 24.1	 1.29	 15.5	 29.8	0.00454	0.0374
 78.1	 24.1	 1.29	 15.5	 29.8	0.00632	0.0374
 78.2	 24.1	 1.29	 15.5	 29.8	0.00277	0.0372
 78.3	 24.0	 1.29	 15.6	 29.8	0.00897	0.0371
 78.4	 24.1	 1.29	 15.5	 29.8	0.00543	0.0371
 78.5	 24.1	 1.29	 15.3	 29.9	0.00514	0.0372
 78.6	 24.1	 1.29	 15.5	 29.8	0.0116	0.0372
 78.7	 24.2	 1.29	 15.4	 29.9	0.00159	0.0372
 78.8	 24.1	 1.29	 15.3	 29.8	0.00750	0.0374
 78.9	 24.1	 1.29	 15.4	 29.8	0.00632	0.0371
 79.0	 24.1	 1.29	 15.6	 29.8	0.00395	0.0372
 79.1	 24.2	 1.29	 15.3	 29.8	0.00159	0.0372
 79.2	 24.1	 1.29	 15.6	 29.8	0.00277	0.0374
 79.3	 24.0	 1.29	 15.5	 29.8	0.00602	0.0372
 79.4	 24.1	 1.29	 15.6	 29.8	0.00838	0.0372
 79.5	 24.1	 1.29	 15.5	 29.8	0.00307	0.0369
 79.6	 24.0	 1.29	 15.6	 29.8	0.00100	0.0372
 79.7	 24.0	 1.29	 15.3	 29.8	0.00366	0.0374
 79.8	 24.0	 1.29	 15.3	 29.9	0.00395	0.0374
 79.9	 24.1	 1.29	 15.5	 29.8	0.00691	0.0371
 80.0	 24.1	 1.29	 15.5	 29.8	0.000411	0.0372
 80.1	 24.0	 1.29	 15.6	 29.8	-0.000180	0.0372
 80.2	 24.1	 1.29	 15.6	 29.8	0.00691	0.0374
